Example cities/Sarajevo/DEM.asc
ncols        40
nrows        41
xllcorner    2046544.606888147304
yllcorner    5441555.069347225130
cellsize     50.000000000000
[rows 18 to 35 of 41, columns 0 to 39 of 40]
528.74554399999999532 526.77960199999995439 526.89123500000005151 528.5257569999999987 529.67181400000004032 530.04931599999997616 529.68481399999996029 529.9197390000000496 529.57092299999999341 529.71783400000003894 530.1395870000000059 530.38659700000005159 530.99414100000001326 531.41516100000001188 530.67254600000001119 529.72582999999997355 529.34204099999999471 528.87023899999996956 528.88592500000004293 529.39953600000001188 529.40252699999996366 529.77563499999996566 529.98449700000003304 530.22955300000000989 530.76477099999999609 530.07287599999995109 530.04876699999999801 529.6752320000000509 529.54534899999998743 529.81158400000003894 530.03448500000001786 530.50610400000005029 530.6661380000000463 531.16168200000004163 532.0291140000000496 533.48468000000002576 533.44030799999995907 533.37725799999998344 533.51507600000002185 533.81475799999998344
527.3848880000000463 526.14453100000002905 525.83624299999996765 527.7119750000000522 528.83410600000001978 529.58978300000001127 529.2409059999999954 528.4877320000000509 528.44982900000002246 529.13977099999999609 529.84716800000001058 530.17602499999998145 530.5122679999999491 529.93835400000000391 528.9265139999999974 529.22094700000002376 528.77075200000001587 528.89544699999999011 528.96887200000003304 529.34075900000004822 529.59344499999997424 530.34155299999997624 530.59075900000004822 531.07940699999994649 531.18829300000004423 531.10369900000000598 530.70538299999998344 530.3023680000000013 529.52404799999999341 529.99493399999994381 530.25610400000005029 530.12774699999999939 530.7096559999999954 531.31970200000000659 532.05944799999997485 533.79840100000001257 533.79205300000000989 533.65148899999996956 534.05957000000000789 534.60919200000000728
526.61895800000002055 525.53289800000004561 525.44915800000001127 525.8171389999999974 526.54986599999995178 528.72357199999999011 529.0559690000000046 528.09442100000001119 528.05651899999998022 528.46050999999999931 528.96673599999996895 529.24285899999995308 529.75085400000000391 529.31384300000001986 528.71429399999999532 528.93438700000001518 529.25878899999997884 529.50860599999998612 529.25323500000001786 529.39361599999995178 529.74163799999996627 530.82891800000004423 531.43756099999995968 531.91992200000004232 531.59002699999996366 531.79534899999998743 531.81195100000002185 531.73083499999995638 531.56011999999998352 531.5392460000000483 530.71350099999995109 530.7107539999999517 531.57312000000001717 532.17126499999994849 533.62945600000000468 534.0817260000000033 534.13104199999997945 533.9229129999999941 534.36199999999996635 535.04070999999999003
524.29766800000004423 523.8348999999999478 524.52899200000001656 524.86852999999996428 526.27929700000004232 527.5090940000000046 527.94891399999994519 527.38763400000004822 527.7172849999999471 528.24694799999997485 528.59930399999996098 528.5682369999999537 528.59252900000001318 528.61688200000003235 528.73962400000004891 528.87023899999996956 529.60662800000000061 530.06292699999994511 531.66241500000000997 532.22381600000005619 532.00457800000003772 531.64977999999996428 532.20733600000005481 532.33184800000003634 532.31207300000005489 533.38360599999998612 533.80981399999996029 533.12359600000002047 533.08892800000000989 532.20666500000004362 532.17413299999998344 532.44622800000001916 533.22503700000004301 533.08422900000005029 533.95483400000000529 534.22827099999994971 534.27099599999996826 534.4710690000000568 534.98248300000000199 535.48413100000004761
523.379395000000045 522.93115199999999732 523.34789999999998145 523.37457300000005489 524.11010699999997087 525.61492899999996098 526.54003899999997884 526.91809100000000399 527.1239620000000059 527.98516800000004423 528.54101600000001326 528.54388400000004822 528.90832499999999072 528.96929899999997815 528.76599099999998543 529.26812700000004952 529.94531300000005558 530.50128199999994649 532.41357400000003963 532.5610349999999471 531.95178199999998014 532.10082999999997355 532.51824999999996635 532.48980700000004163 532.46783400000003894 533.61908000000005359 534.18005400000004101 534.73046899999997095 534.6889650000000529 532.74713099999996757 532.54003899999997884 532.83270300000003772 533.28454599999997754 533.87768600000003971 534.62554899999997815 534.49890100000004622 534.73736599999995178 534.99475099999995109 536.16815199999996366 536.34570299999995768
522.82281499999999141 523.03985599999998612 523.17431599999997616 523.37542699999994511 523.92437700000004952 524.32971199999997225 525.3502809999999954 526.20727499999998145 527.48742700000002515 528.12023899999996956 528.78552200000001449 529.95355199999994511 530.171875 529.5067749999999478 529.20953399999996236 529.4108889999999974 529.95159899999998743 531.46765100000004622 532.12121600000000399 532.16143799999997555 531.50451699999996436 531.55926499999998214 532.0650630000000092 532.15063499999996566 532.75891100000001188 533.53765899999996236 534.24676499999998214 535.09912099999996826 535.12927200000001449 533.66021699999998873 532.82672100000002047 532.18566899999996167 533.0538330000000542 534.38159199999995508 534.88098100000001978 535.36035200000003442 536.1239620000000059 536.464354999999955 536.79089399999998022 536.85522500000001855
522.75555399999996098 522.72894299999995837 522.86370799999997416 523.23706100000003971 523.58337400000004891 523.87701400000003105 524.82910200000003442 525.26635699999997087 527.24188200000003235 528.3492430000000013 529.54949999999996635 529.93078600000001188 530.59674099999995178 530.48602300000004561 529.87945600000000468 529.29669200000000728 529.86035200000003442 531.36370799999997416 531.96154799999999341 531.51007100000003902 530.9499510000000555 530.91332999999997355 531.65789800000004561 531.93267800000000989 532.79486099999996895 533.50512700000001587 534.95623799999998482 535.63214100000004692 535.05304000000000997 534.08160399999997026 533.05267300000002706 532.07513400000004822 532.70983899999998812 534.77343800000005558 535.15582300000005489 536.20269800000005489 536.53363000000001648 536.90582300000005489 538.01251200000001518 538.30615199999999732
523.12890600000002905 523.30230700000004163 523.2822879999999941 523.06701699999996436 523.1359860000000026 523.77099599999996826 524.45581100000003971 524.90460199999995439 527.20434599999998682 528.11138900000003105 528.46429399999999532 528.46698000000003503 530.25897199999997156 530.32074000000000069 528.99523899999996956 528.84289599999999609 529.18499799999995048 531.65228300000001127 532.02130099999999402 531.78161599999998543 531.24780299999997624 531.17462199999999939 531.41558799999995699 531.97534199999995508 533.42492700000002515 533.60009800000000268 535.01049799999998413 535.77905299999997624 535.85034199999995508 534.83483899999998812 533.1961669999999458 532.54821800000001986 533.2677609999999504 535.19482400000003963 535.86602800000002844 536.65692100000001119 536.77526899999998022 537.55175799999994979 538.46685800000000199 539.4554440000000568
524.82055700000000797 524.8975830000000542 524.0610349999999471 523.01959199999998873 522.8891599999999471 523.44830300000000989 523.6038819999999987 524.97686799999996765 526.3874510000000555 527.54156499999999141 527.53552200000001449 527.5758059999999432 528.76342799999997624 529.38507100000003902 528.2554930000000013 528.26550299999996696 529.9309690000000046 532.01568599999995968 532.91259800000000268 532.69128399999999601 532.42639199999996436 531.40814199999999801 531.48358199999995577 533.18701199999998153 533.8336180000000013 534.38665800000001127 535.0994869999999537 535.88562000000001717 536.24285899999995308 535.30480999999997493 534.0694580000000542 534.32971199999997225 535.02380400000004101 535.34307899999998881 536.07055700000000797 536.91210899999998674 536.90313700000001518 538.54333499999995638 541.32421899999997095 547.2624510000000555
525.09704599999997754 525.25707999999997355 524.74316399999997884 523.8135379999999941 523.00048800000001847 523.21948199999997087 523.41992200000004232 525.05658000000005359 526.74823000000003503 527.27954099999999471 527.1932369999999537 527.63012700000001587 528.5454099999999471 529.30218500000000859 528.63824499999998352 528.5791629999999941 529.94317599999999402 531.99920699999995577 533.29846199999997225 533.09356700000000728 532.93939199999999801 531.91949499999998352 531.48370399999998881 533.32470699999998942 534.16247599999996964 534.74151600000004692 535.47082499999999072 537.4966429999999491 537.79064900000003036 537.70068400000002384 535.40002400000003036 535.54522699999995439 535.18817100000001119 535.58624299999996765 537.42346199999997225 538.12188700000001518 537.62030000000004293 540.51715100000001257 544.35022000000003572 550.89782700000000659
524.99615500000004431 525.43731700000000728 525.14324999999996635 524.57305899999994381 523.05621299999995699 522.98602300000004561 523.41375700000003235 527.66876200000001518 527.74816899999996167 528.2565309999999954 528.13128700000004301 528.47747800000001916 529.29357900000002246 530.42571999999995569 529.49572799999998551 529.65277100000002974 530.4600830000000542 531.65789800000004561 533.98962400000004891 533.9742430000000013 533.23394800000005489 532.32525599999996757 531.4818119999999908 532.83367899999996098 533.49352999999996428 535.21429399999999532 536.01831100000003971 538.55847200000005159 539.2692260000000033 539.74585000000001855 539.50732400000003963 538.47259499999995569 535.24700900000004822 535.29480000000000928 537.28747599999996964 538.48809800000003634 542.14477499999998145 546.28716999999994641 550.26623500000005151 554.22082499999999072
524.83557099999995899 525.33367899999996098 525.64752199999998084 525.4664309999999432 523.66668700000002445 523.19555700000000797 526.53253199999994649 528.46038799999996627 529.78851299999996627 529.70001200000001518 529.09387200000003304 529.25134300000001986 529.98681599999997616 531.01440400000001318 531.23803699999996297 532.00817900000004101 531.14080799999999272 531.69885299999998551 534.15600600000004761 534.45867899999996098 534.6416629999999941 534.34765600000002905 532.54461700000001656 532.04284700000005159 533.46020499999997355 535.10357699999997294 537.13684100000000399 542.24993900000004032 544.35455300000000989 542.38439900000003036 541.50726299999996627 537.37597700000003442 536.49517800000000989 536.56634499999995569 537.32720900000003894 538.53539999999998145 544.54907200000002376 548.46636999999998352 555.72369400000002315 557.98156700000004093
524.72375499999998283 525.73571800000001986 525.77886999999998352 525.61010699999997087 524.94860800000003564 524.29144299999995837 527.2766110000000026 529.20953399999996236 529.84796100000005481 529.70715299999994841 529.68023700000003373 529.86529499999994641 530.25622599999996964 531.26678500000002714 531.75878899999997884 532.4776000000000522 532.28436299999998482 533.828125 535.03790300000002844 534.99725300000000061 535.48260500000003503 535.50671399999998812 534.69567900000004101 533.95532200000002376 535.59234600000002047 535.64337199999999939 541.2141110000000026 543.9723510000000033 546.06695600000000468 546.62054399999999532 545.52172900000005029 539.50567599999999402 537.90033000000005359 538.75067100000001119 538.96240199999999732 540.90362500000003365 547.91400099999998474 550.21923800000001847 556.426270000000045 558.80523700000003373
524.63201900000001388 525.34338400000001457 525.78070100000002185 525.62023899999996956 524.51495399999998881 523.84198000000003503 526.81359899999995378 528.97723399999995308 529.57897900000000391 529.75292999999999211 529.96710199999995439 530.06195100000002185 530.53430200000002515 531.17498799999998482 532.02941899999996167 532.79333499999995638 532.7008059999999432 534.53576699999996436 535.69457999999997355 537.46508800000003703 538.37420699999995577 539.47418200000004163 536.59332300000005489 536.23053000000004431 538.31695600000000468 539.75976600000001326 545.0399169999999458 547.40112299999998413 549.03204300000004423 549.23278800000002775 548.50787400000001526 546.60919200000000728 545.49835199999995439 545.96911599999998543 542.37145999999995638 547.43158000000005359 549.45843500000000859 554.22454800000002706 556.09136999999998352 558.74883999999997286
524.70758100000000468 525.2827150000000529 525.73663299999998344 526.63732900000002246 525.96203600000001188 525.79278599999997823 526.71191399999997884 529.1173710000000483 529.44628899999997884 529.74951199999998153 529.83819600000003902 529.72039800000004561 530.30950900000004822 530.92706299999997555 532.66644299999995837 533.1047360000000026 533.05645800000002055 534.9810179999999491 536.34875499999998283 539.23474099999998543 540.71789599999999609 542.32379200000002584 542.82464600000002974 544.18237299999998413 541.72778300000004492 543.17407200000002376 547.69726600000001326 550.09393299999999272 554.31054700000004232 555.8870239999999967 552.63519299999995837 552.2056880000000092 551.71636999999998352 552.28131099999995968 552.70806900000002315 553.91027799999994841 551.7020870000000059 555.1838989999999967 557.66027799999994841 562.74902299999996558
525.04168700000002445 525.13214100000004692 525.34454300000004423 526.95519999999999072 526.79595900000003894 526.31848100000001978 526.7744750000000522 527.53546100000005481 528.96460000000001855 529.26428199999998014 529.0713500000000522 528.85192900000004101 529.01983600000005481 529.72882100000003902 532.34973100000001978 533.19946300000003703 534.21356200000002445 536.41790800000001127 538.948729999999955 543.41265899999996236 543.07482900000002246 545.3884890000000496 546.32531700000004093 547.94256600000005619 548.70105000000000928 552.38507100000003902 554.25396699999998873 553.39465299999994841 557.87884499999995569 560.31011999999998352 565.46093800000005558 566.6921389999999974 566.06268299999999272 558.84179700000004232 558.19671600000003764 558.20239300000002913 559.20959500000003572 560.80456500000002507 561.7546389999999974 563.77392599999996037
525.07946800000001986 525.40899699999999939 526.50860599999998612 526.97930899999994381 526.42828399999996236 526.53137200000003304 526.82061799999996765 527.06079099999999471 526.79333499999995638 526.36102300000004561 526.58367899999996098 528.03344700000002376 528.58569299999999203 529.60565199999996366 532.8361210000000483 534.73156700000004093 538.55645800000002055 538.51751699999999801 543.8651119999999537 545.94097899999997026 549.99414100000001326 551.50286900000003243 552.6340940000000046 551.38879399999996167 552.21758999999997286 555.57092299999999341 557.2901000000000522 561.60162400000001526 565.59851100000003044 565.61230499999999211 570.87365699999998014 573.0422360000000026 572.23089600000002974 569.58557099999995899 568.32843000000002576 563.10247800000001916 563.86877400000003036 564.36077899999997953 565.31762700000001587 568.36364700000001449
527.90777600000001257 526.56359899999995378 527.53631600000005619 527.65795900000000529 526.91326900000001388 526.12463400000001457 525.22699000000000069 526.67999299999996765 526.47595200000000659 526.18158000000005359 526.60003700000004301 528.65869099999997616 530.44702099999994971 532.42102099999999609 534.4284059999999954 537.10516399999994519 541.58032200000002376 543.68304399999999532 548.8367919999999458 548.45263699999998153 552.61621100000002116 554.02880900000002384 555.81304899999997815 557.0588989999999967 558.1729129999999941 561.51196300000003703 560.27606200000002445 564.84185800000000199 568.67224099999998543 577.11450200000001587 580.64184599999998682 584.59423800000001847 577.76525900000001457 575.36920199999997294 573.58843999999999141 572.13580300000000989 572.40741000000002714 573.60522500000001855 570.81744400000002315 572.25707999999997355
