Example cities/Sarajevo/DEM.asc
ncols        40
nrows        41
xllcorner    2046544.606888147304
yllcorner    5441555.069347225130
cellsize     50.000000000000
[rows 0 to 17 of 41, columns 0 to 39 of 40]
540.37829599999997754 538.49963400000001457 536.5046389999999974 536.02966300000002775 537.7822879999999941 535.89941399999997884 535.36932400000000598 534.73046899999997095 535.20642099999997754 536.96014400000001388 538.83990500000004431 538.76678500000002714 537.5358889999999974 536.74017300000002706 535.96954300000004423 535.97387700000001587 537.93682899999998881 538.464354999999955 539.08136000000001786 539.33715800000004492 539.27624500000001717 538.09094200000004093 539.07074000000000069 537.4408570000000509 536.87011700000005021 536.65313700000001518 536.55969200000004093 536.21429399999999532 534.86627199999998084 534.85870399999998881 534.96466099999997823 534.88055399999996098 534.59344499999997424 534.50945999999999003 534.886229999999955 535.49462900000003174 535.96691899999996167 536.71447799999998551 537.16650400000003174 538.1740109999999504
536.5333859999999504 535.23400900000001457 534.88287400000001526 534.56268299999999272 533.92578100000002905 533.76068099999997685 533.78759800000000268 533.5242919999999458 533.75738499999999931 535.06311000000005151 536.04077099999994971 536.6370239999999967 535.85150099999998474 535.96740699999998014 535.14245600000003833 535.18469200000004093 536.61004600000001119 536.98950200000001587 536.75640899999996236 537.90026899999998022 537.08831799999995837 536.36743200000000797 535.82605000000000928 535.1828610000000026 535.00494400000002315 535.63024900000004891 535.5625 534.92364499999996497 534.49072300000000268 534.67175299999996696 534.53637700000001587 534.5639650000000529 534.19360400000005029 534.12469499999997424 534.44689900000003036 534.6653440000000046 534.73449700000003304 536.02740500000004431 536.05389400000001388 537.16980000000000928
534.21606399999996029 533.80969200000004093 533.15563999999994849 533.66369599999995899 533.14184599999998682 533.20397900000000391 532.36279300000001058 531.68768299999999272 531.46777299999996558 533.53112799999996696 534.60015899999996236 535.69519000000002507 535.04522699999995439 533.66314699999998084 533.69366500000000997 535.17144800000005489 536.48443599999995968 536.64178500000002714 535.69928000000004431 535.38110400000005029 534.1007080000000542 534.82775900000001457 534.75488299999994979 534.57281499999999141 534.36621100000002116 534.18920900000000529 534.04632600000002185 534.1929930000000013 534.08258100000000468 534.22601299999996627 534.11474599999996826 533.68945299999995768 533.43701199999998153 533.19335899999998674 533.89202899999997953 534.0189820000000509 533.66296399999998812 533.05242899999996098 534.4562989999999445 536.29821800000001986
533.52984600000002047 532.3773190000000568 531.77404799999999341 531.29913299999998344 531.47790499999996428 532.58001699999999801 531.99414100000001326 531.28533900000002177 531.49182099999995899 532.09619099999997616 532.9195559999999432 534.71942100000001119 534.14465299999994841 532.90063499999996566 533.06201199999998153 533.97381600000005619 536.17364499999996497 535.18395999999995638 534.84570299999995768 534.18511999999998352 533.10235599999998612 533.35607900000002246 534.01989700000001449 533.88324000000000069 533.75610400000005029 533.68902600000001257 533.4976809999999432 532.31347700000003442 532.02392599999996037 533.0010379999999941 533.67700200000001587 533.47442599999999402 533.23327600000004622 532.83727999999996428 533.04241899999999532 533.37042199999996228 533.4273680000000013 532.7888789999999517 534.61364700000001449 536.46893299999999272
530.5880130000000463 530.02850300000000061 530.59942599999999402 530.37908900000002177 530.80511500000000069 531.2546389999999974 530.9195559999999432 530.49609399999997095 530.90033000000005359 531.30133100000000468 533.15008499999999003 533.37457300000005489 532.15698199999997087 531.79516599999999471 532.22460899999998674 533.18530299999997624 535.79376200000001518 534.91259800000000268 534.25201400000003105 532.4295039999999517 532.54132100000003902 532.87237500000003365 533.62341300000002775 533.5658570000000509 533.24908400000003894 533.11181599999997616 532.61535600000001978 531.94226100000003044 532.03900099999998474 532.64312700000004952 533.05316200000004301 533.54168700000002445 533.53320299999995768 532.91119400000002315 533.04760699999997087 533.48767099999997754 533.85662800000000061 533.96453899999994519 535.48626699999999801 536.62194799999997485
529.42242399999997815 529.42394999999999072 529.5538330000000542 529.54846199999997225 530.24572799999998551 530.85162400000001526 530.61895800000002055 530.20581100000003971 529.88507100000003902 529.9151000000000522 532.17376699999999801 532.4622190000000046 531.48284899999998743 531.3695069999999987 531.9421389999999974 535.82739300000002913 537.566895000000045 534.76238999999998214 533.94287099999996826 532.62115500000004431 532.44714399999998022 532.58520499999997355 532.73126200000001518 533.23419200000000728 533.19665499999996428 532.99816899999996167 532.29931599999997616 531.80902100000002974 531.75445600000000468 532.36175500000001648 533.30249000000003434 533.72985800000003564 533.87616000000002714 533.71991000000002714 533.59600799999998344 533.46820100000002185 533.7888789999999517 534.54742399999997815 535.43487500000003365 536.27264400000001388
528.52520800000002055 529.05456500000002507 529.20471199999997225 529.17382799999995768 529.34783900000002177 530.01568599999995968 529.9901119999999537 529.64709500000003572 529.58727999999996428 529.5817260000000033 529.73400900000001457 529.90008499999999003 530.58056599999997616 531.28619400000002315 531.8000489999999445 535.79101600000001326 534.70385699999997087 533.41412400000001526 533.05279499999994641 532.66839600000002974 532.34460400000000391 532.2223510000000033 532.3327639999999974 532.94940199999996366 533.12109399999997095 532.58056599999997616 532.20556599999997616 531.8194580000000542 531.7531739999999445 532.15490699999998014 533.08288600000003044 533.54882799999995768 533.95483400000000529 533.82403599999997823 533.59863299999994979 533.14562999999998283 533.2723999999999478 533.88922100000002047 535.09844999999995707 536.214354999999955
528.33233600000005481 528.31781000000000859 528.18676800000002913 528.6784059999999954 528.81701699999996436 529.67254600000001119 529.81182899999998881 529.80267300000002706 529.84979199999997945 529.5963130000000092 529.46722399999998743 529.55279499999994641 530.23486300000001847 531.60516399999994519 531.53521699999998873 530.94244400000002315 531.39941399999997884 531.8538819999999987 532.35656700000004093 532.00372300000003634 531.55371100000002116 531.37280299999997624 531.98486300000001847 532.80316200000004301 533.0916140000000496 532.57104500000002645 532.28967299999999341 532.03491199999996297 531.91937299999995048 532.30017099999997754 533.00219700000002376 533.22180200000002515 533.24456799999995837 533.06921399999998812 532.88031000000000859 532.67492700000002515 532.70355199999994511 533.20892300000002706 533.94335899999998674 535.31420900000000529
528.22009300000001986 528.02996800000005351 527.75128199999994649 527.75701900000001388 528.50793499999997493 529.13714600000002974 529.67993200000000797 530.0179440000000568 530.10211200000003373 530.04589799999996558 529.82244900000000598 529.6182250000000522 530.0076289999999517 531.94360400000005029 531.98236099999996895 531.3327639999999974 530.01031499999999141 530.29998799999998482 531.71283000000005359 531.50933799999995699 530.96368399999994381 531.18499799999995048 531.54467799999997624 532.49517800000000989 533.04107699999997294 532.58789100000001326 532.29278599999997823 532.06854199999997945 532.18066399999997884 532.85369900000000598 532.96752900000001318 532.89959699999997156 532.64593500000000859 532.32696499999997286 531.74084500000003572 531.62585400000000391 531.7233889999999974 532.40979000000004362 532.95983899999998812 533.9508059999999432
528.1740109999999504 527.82128899999997884 527.56579599999997754 527.73718299999995907 528.61047399999995378 529.20935099999996964 529.97412099999996826 530.20941200000004301 530.28094499999997424 530.20251499999994849 529.98138400000004822 529.84484899999995378 530.51355000000000928 531.72601299999996627 532.02459699999997156 531.34643600000003971 530.57830799999999272 530.65594499999997424 531.28344700000002376 531.29400599999996757 531.53301999999996497 531.3380130000000463 532.21667500000000928 532.41809100000000399 532.34112500000003365 532.05651899999998022 531.75915499999996428 531.91326900000001388 532.0715940000000046 532.64868200000000797 532.58142099999997754 532.01232900000002246 531.72979699999996228 531.62951699999996436 531.36578399999996236 531.3786010000000033 531.81695600000000468 532.09808299999997416 532.29480000000000928 532.85595699999998942
528.21673599999996895 527.57659899999998743 527.77300999999999931 528.42614700000001449 529.67675799999994979 529.51824999999996635 530.07946800000001986 530.23297100000002047 530.32403599999997823 530.30462599999998474 530.1452639999999974 530.13207999999997355 531.06243900000004032 532.31768799999997555 532.64263900000003105 532.24511700000005021 531.38659700000005159 531.06640600000002905 531.23370399999998881 531.46380599999997685 532.32000700000003235 533.16455099999996037 533.80529799999999341 532.64093000000002576 531.68829300000004423 531.37689199999999801 530.8414309999999432 530.5555419999999458 530.50305200000002515 532.10913100000004761 532.1374510000000555 531.74816899999996167 531.56469700000002376 531.31890899999996236 531.30389400000001388 531.34747300000003634 532.15508999999997286 532.69049099999995178 532.5635379999999941 532.70422399999995378
528.1973880000000463 527.65460199999995439 527.8648680000000013 529.6104129999999941 530.01684599999998682 530.15270999999995638 530.45007299999997485 530.34063700000001518 530.4208370000000059 530.44341999999994641 530.36749299999996765 530.75421100000005481 533.14434800000003634 533.06402600000001257 533.16925000000003365 532.69232199999999011 531.64172399999995378 530.75109899999995378 531.03308100000003833 531.99823000000003503 532.69457999999997355 534.05743399999994381 534.14648399999998674 533.37640399999997953 530.80011000000001786 530.7166140000000496 530.51080300000000989 530.1961669999999458 530.56982400000003963 531.15008499999999003 531.4677120000000059 531.36889599999994971 531.41003399999999601 531.26556400000004032 531.28594999999995707 531.78051800000002913 532.63207999999997355 533.40460199999995439 532.76422100000002047 532.76501499999994849
528.05816700000002584 527.80419900000003963 528.06573500000001786 529.44274900000004891 530.04669200000000728 530.36437999999998283 530.6999510000000555 531.79040499999996428 531.74230999999997493 531.43530299999997624 530.67413299999998344 531.00622599999996964 533.55828899999994519 534.13903800000002775 533.95574999999996635 534.0588989999999967 532.43823199999997087 530.74883999999997286 530.89489700000001449 531.6843260000000555 532.30249000000003434 533.32550000000003365 534.00720200000000659 531.8817749999999478 530.9252320000000509 530.98059100000000399 531.42932099999995899 531.34912099999996826 530.80474900000001526 531.28179899999997815 531.49645999999995638 531.35186799999996765 531.21227999999996428 530.94122300000003634 531.12616000000002714 531.87921100000005481 532.58599900000001526 533.22814900000003036 532.75048800000001847 533.58898899999996956
527.77624500000001717 527.8884890000000496 528.17724599999996826 529.27593999999999141 529.73211700000001656 530.5557250000000522 531.11608899999998812 532.40313700000001518 532.29339600000002974 531.69812000000001717 531.41589399999998022 531.41467299999999341 533.9096070000000509 534.43811000000005151 534.24700900000004822 534.37829599999997754 531.9408570000000509 530.9598999999999478 530.69519000000002507 531.21014400000001388 531.71984899999995378 532.60266100000001188 532.77606200000002445 531.70434599999998682 531.32391399999994519 532.00970500000005359 532.2576289999999517 532.26574700000003304 532.22229000000004362 532.15734899999995378 531.72186299999998482 531.42248500000005151 530.92230199999994511 530.78259300000001986 531.01940899999999601 532.02300999999999931 532.3380130000000463 532.82843000000002576 532.56835899999998674 533.40118399999994381
527.71496600000000399 527.86108400000000529 528.4719239999999445 529.19891399999994519 530.28210400000000391 530.88031000000000859 531.57910200000003442 532.76690699999994649 532.65466300000002775 531.9567260000000033 531.58331299999997555 532.23596199999997225 533.79425000000003365 534.47985800000003564 534.25915499999996428 534.44030799999995907 532.25738499999999931 530.99981700000000728 530.49279799999999341 530.67327899999997953 531.37408400000003894 531.96636999999998352 532.16436799999996765 531.45318599999995968 531.21350099999995109 532.09191899999996167 532.45898399999998674 532.75634800000000268 532.5749510000000555 532.20483400000000529 531.65588400000001457 531.53912400000001526 531.19750999999996566 530.76989700000001449 531.61285399999997026 532.09393299999999272 532.32531700000004093 532.36022900000000391 532.41741899999999532 533.12616000000002714
527.83978300000001127 527.81359899999995378 527.97790499999996428 528.52935800000000199 530.90661599999998543 531.29303000000004431 532.57177699999999732 532.75299099999995178 532.56439199999999801 531.70690899999999601 531.28411900000003243 531.75738499999999931 533.11920199999997294 534.11901899999998022 534.0133059999999432 534.01062000000001717 531.95239300000002913 530.77056900000002315 530.44012499999996635 530.62304700000004232 531.29199200000005021 531.49975600000004761 531.36962900000003174 530.77044699999999011 530.76086399999996956 531.45178199999998014 531.78289800000004561 531.5124510000000555 531.09918200000004163 530.61743200000000797 531.15087900000003174 531.25579800000002706 531.54846199999997225 531.57653800000002775 531.92999299999996765 532.18450900000004822 532.31841999999994641 532.3920900000000529 532.82281499999999141 533.21240199999999732
528.16772500000001855 527.70361300000001847 527.53375200000004952 528.1492919999999458 531.18231200000002445 532.61492899999996098 532.81213400000001457 531.94940199999996366 531.74261500000000069 531.41272000000003572 531.05181900000002315 530.86480700000004163 531.55505400000004101 532.8234860000000026 533.45202600000004622 532.50671399999998812 531.46264599999994971 530.2276000000000522 530.20465100000001257 530.36999500000001717 531.20043899999996029 531.33795199999997294 530.76873799999998482 530.24847399999998743 529.82861300000001847 529.91461200000003373 530.54748500000005151 530.50555399999996098 529.80578600000001188 530.09893799999997555 530.30273399999998674 531.27563499999996566 531.70184300000005351 531.87792999999999211 532.04907200000002376 532.25262499999996635 532.42205799999999272 532.5181880000000092 533.0211180000000013 533.22058100000003833
528.27642800000000989 527.08966099999997823 527.05468800000005558 528.995604999999955 530.91741899999999532 532.14788799999996627 531.63610800000003564 530.91308600000002116 530.32818599999995968 530.36090100000001257 530.53930700000000797 530.65637200000003304 531.12542699999994511 532.1070559999999432 531.6072390000000496 530.44482400000003963 530.71044900000003963 529.85382100000003902 529.77191200000004301 529.91900599999996757 529.9005130000000463 529.40844700000002376 529.41735800000003564 529.42327899999997953 529.42919900000003963 529.43218999999999141 529.8026119999999537 529.83050500000001648 529.8494869999999537 530.03332499999999072 530.2210690000000568 531.1704099999999471 531.42456100000003971 531.70184300000005351 532.17584199999998873 532.65448000000003503 532.62609899999995378 532.66284199999995508 533.27752699999996366 533.57287599999995109
