Example cities/Warsaw/DEM.asc
ncols        96
nrows        94
xllcorner    2336997.296063682530
yllcorner    6841395.533274061047
cellsize     50.000000000000
[rows 72 to 89 of 94, columns 0 to 39 of 96]
118.43704200000000526 118.30043799999999976 117.71211200000000474 117.30707599999999502 116.97202299999999298 117.77783999999999764 118.37070500000000095 118.85321799999999826 118.87805899999999326 118.86143500000000017 118.41538199999999392 117.77352100000000235 118.09284999999999854 118.01067399999999452 118.32161700000000337 118.08363300000000606 119.1671750000000003 119.76306900000000155 120.40384699999999896 120.66587099999999566 120.03620100000000548 119.68762200000000462 119.19097100000000466 118.95474199999999598 118.68842300000000023 117.66771699999999612 117.47399900000000628 117.47291599999999789 117.43446400000000551 117.62732699999999397 117.33582300000000487 117.07036600000000703 116.52284199999999714 116.14633899999999755 116.40210000000000434 117.00933799999999962 118.7016140000000064 120.64025100000000634 121.42407199999999534 121.9394839999999931
118.37286400000000697 118.1755979999999937 117.90443399999999485 117.54975100000000054 117.62697599999999909 117.9549559999999957 118.92551400000000683 119.23864000000000374 119.16636699999999394 118.85870400000000302 118.23903699999999617 117.19892099999999857 117.00834700000000055 116.9690700000000021 117.0417630000000031 118.50901799999999753 119.30036900000000344 120.10641499999999837 121.11831700000000467 121.49631499999999562 119.49339299999999753 119.05861699999999814 118.49082900000000507 118.46334099999999978 118.50464599999999393 118.09136999999999773 117.52574199999999394 117.2210539999999952 117.16760999999999626 116.89849900000000105 117.04532600000000286 116.90389999999999304 116.59069800000000328 116.00990299999999422 115.72314500000000237 116.02018700000000706 116.52176699999999698 119.5761410000000069 120.97075700000000609 121.41701500000000635
117.99385100000000648 117.91145299999999452 117.75533299999999315 117.58675399999999911 117.64219699999999591 118.5332870000000014 119.0894090000000034 119.53631599999999935 119.54390700000000436 119.32949800000000096 118.72621900000000039 117.23098799999999642 117.03313400000000399 116.82884199999999453 116.84717600000000459 117.89263200000000609 118.89735400000000709 120.00071699999999453 121.17696399999999812 120.2482830000000007 118.62942499999999768 117.68958999999999548 117.8361280000000022 117.94239000000000317 118.60417200000000548 118.42715499999999906 118.35699499999999773 117.21511800000000392 116.30253600000000347 115.83657800000000293 116.46965799999999547 116.2728350000000006 115.89165500000000009 115.29174799999999834 114.83882900000000404 114.81916800000000478 114.96356199999999603 116.09935000000000116 120.10031100000000492 120.94467199999999707
117.03965800000000286 117.17947399999999902 117.39386700000000019 117.39839200000000119 117.96888699999999517 118.45525399999999649 119.16056100000000129 119.75572200000000578 119.91725200000000484 120.29521900000000301 120.19731099999999913 119.93418900000000349 117.72601299999999469 116.67947399999999902 116.46608700000000169 117.19072699999999543 118.4675060000000002 119.30363499999999988 121.36311299999999846 119.98830399999999941 118.27213299999999663 117.40820300000000032 116.79941599999999369 118.08441899999999691 118.68502800000000263 119.1278080000000017 119.4367289999999997 118.99783299999999997 118.30229900000000498 116.7574769999999944 116.50010699999999986 115.86016100000000506 114.94515199999999311 114.41437500000000682 114.69820400000000404 114.44563300000000083 114.51429000000000258 116.00170900000000529 117.16384100000000501 120.0513080000000059
116.47145799999999838 116.70798499999999365 116.74494900000000541 117.45127899999999954 117.86874400000000662 118.35817699999999775 119.23376500000000533 119.9067540000000065 120.33087899999999593 120.99646799999999303 121.46670500000000459 121.58438099999999338 121.04284699999999475 117.50381500000000301 116.94147499999999695 117.32636999999999716 118.48926500000000317 120.48902900000000216 121.38836700000000235 120.13212599999999952 118.4606550000000027 117.54519700000000171 116.59734299999999507 118.1229629999999986 119.07230400000000259 119.93601200000000517 121.19462599999999952 121.94316100000000347 120.87406900000000576 121.10186799999999607 118.18122900000000186 117.19699900000000525 116.23702199999999607 114.8019869999999969 114.45707699999999818 114.6937329999999946 114.82521800000000667 115.02516199999999458 115.53990899999999442 116.35295899999999847
115.82321899999999459 116.02384899999999845 116.49516300000000513 116.89568300000000534 117.69422900000000709 118.27085099999999329 119.19312999999999647 120.49542200000000491 120.94965399999999534 121.41917399999999816 122.19640400000000113 122.40004000000000417 121.01259600000000205 119.99883300000000474 119.35599499999999296 118.20935099999999807 120.0226820000000032 121.01169600000000059 121.99130999999999858 121.65200000000000102 119.25867499999999666 116.95681000000000438 116.68620300000000611 118.31600199999999745 120.22681400000000451 120.79738600000000304 123.84438299999999344 124.18713400000000036 124.05110899999999674 123.62213099999999599 122.02908299999999997 119.67492699999999672 118.83392299999999864 116.73931899999999473 115.06830600000000686 115.42593399999999804 115.25163299999999822 114.68552400000000091 114.56317099999999698 114.83387799999999856
114.93030500000000416 115.0237199999999973 115.84787000000000035 116.55049900000000207 117.20989199999999641 118.12525899999999979 119.8235779999999977 120.49599499999999352 121.12964599999999393 121.80573300000000359 122.4858470000000068 122.55286399999999958 121.66979200000000105 120.9174419999999941 120.19538099999999758 120.03047200000000316 120.7817229999999995 121.91724399999999662 122.86420400000000086 122.65321400000000551 120.37096400000000074 117.58901199999999676 117.00388300000000186 118.99821500000000185 120.84624499999999614 124.88455199999999934 126.32058700000000329 126.51469400000000576 126.87905100000000402 127.92480500000000632 123.35153200000000595 123.87920400000000143 121.37691499999999678 118.79361000000000104 115.83875999999999351 115.70793199999999956 115.39655299999999727 114.65687599999999691 113.92054699999999912 114.58683000000000618
114.22975900000000138 114.80116300000000251 115.52227800000000002 116.40267900000000623 117.09228500000000395 118.57859000000000549 119.57432599999999923 120.34125500000000386 121.07103700000000401 121.78552999999999429 123.67211899999999503 123.54152700000000209 122.58559400000000039 121.9257429999999971 121.38053100000000484 121.32475999999999772 121.84534499999999468 122.47299200000000496 123.20815299999999581 122.28243999999999403 120.98252100000000553 118.8711320000000029 117.19858600000000592 119.28933000000000675 123.10414900000000671 124.94439699999999505 126.64569899999999336 128.23463399999999979 128.57981899999998632 130.2721559999999954 126.00254099999999369 125.50420400000000143 124.28312699999999325 117.17581900000000417 116.34664899999999932 115.92871100000000695 115.24836700000000178 114.41469600000000639 113.55339100000000485 114.14800999999999931
115.12637300000000096 115.86639399999999966 115.91468799999999817 116.69046799999999564 117.30441299999999671 118.46833800000000281 119.1161120000000011 120.04725600000000441 120.70844999999999914 121.86706499999999664 123.04058100000000309 124.03546900000000619 123.16677099999999712 122.52509299999999826 121.41414600000000235 121.37728900000000465 121.64522599999999386 122.04014599999999291 123.28773499999999785 122.72661600000000703 121.349449000000007 119.15483899999999551 117.43610400000000027 120.93500500000000386 122.62240599999999802 123.5072100000000006 125.85348500000000627 127.13037099999999668 128.82685900000001311 129.94166599999999789 128.02641299999999092 126.89763600000000565 121.49198199999999304 117.56966400000000306 116.32872000000000412 115.66320799999999736 114.57536299999999585 113.25775899999999297 113.234343999999993 114.10416399999999726
116.11596699999999771 116.80932599999999866 117.46695699999999363 117.37635000000000218 118.03212000000000614 118.43528000000000588 118.93010700000000668 119.50687399999999627 120.53369100000000458 120.84666400000000408 121.57846800000000087 122.13588699999999676 121.73711400000000538 120.91481000000000279 121.25413500000000511 121.04571500000000128 121.14566000000000656 121.59732800000000452 122.78615600000000541 122.69578599999999824 121.29807999999999879 119.30370299999999872 117.99290499999999327 119.29921699999999873 119.52767199999999548 122.27883900000000494 124.79656199999999444 127.13099699999999359 128.30459600000000364 128.18815599999999222 128.77485699999999724 127.6392670000000038 121.8908919999999938 117.74918399999999963 115.46434800000000109 115.11127500000000623 113.49212599999999895 113.12033800000000383 112.98989899999999409 113.68830099999999561
116.79113800000000367 117.44140600000000063 117.95671099999999853 118.65866099999999506 118.41561900000000662 118.58348800000000267 118.94407699999999295 119.78626300000000526 120.18163300000000504 120.21852099999999552 120.43881199999999865 120.87992900000000418 120.15396900000000358 119.82210499999999342 119.38942699999999775 120.30271100000000217 120.42259199999999453 121.44072699999999543 121.86840800000000229 121.8674699999999973 120.93595100000000286 118.00176199999999938 117.81353000000000009 118.07580600000000004 117.79225900000000138 118.10212699999999586 123.68232700000000079 125.25483699999999487 126.23841899999999328 126.01418300000000272 125.6837770000000063 124.75604199999999366 121.80622099999999364 117.44366499999999576 114.88681800000000521 113.43022899999999709 113.29301499999999692 113.12190200000000573 113.00648499999999785 113.45736700000000496
117.29605100000000562 117.90866099999999506 118.84129299999999319 119.13803900000000624 119.27590200000000209 118.85289799999999616 119.19790600000000325 119.80558000000000618 119.97859200000000612 120.15032200000000273 119.65423599999999738 119.53826899999999966 119.19978299999999649 118.95594800000000646 118.2313919999999996 117.99826000000000192 119.93370799999999576 120.22824099999999703 120.46796399999999494 120.53340900000000602 119.55820500000000095 118.02237700000000586 117.4509350000000012 116.66490899999999442 115.83088700000000415 115.49965699999999913 116.48911300000000324 122.04747000000000412 123.19730400000000259 124.10584299999999303 122.29562400000000366 121.86675999999999931 121.52083600000000274 117.34588599999999303 114.50190700000000277 113.23010299999999972 113.01962299999999573 113.10501899999999864 113.32942199999999389 114.77795399999999404
118.05365799999999865 118.84175100000000214 119.21749099999999544 119.73808300000000315 120.13346099999999694 120.3578109999999981 119.9982830000000007 120.02657299999999907 119.98731999999999687 119.87477900000000375 118.96943699999999922 118.76936299999999846 118.95407899999999302 118.55590800000000229 117.56777200000000505 117.07610300000000336 117.35676599999999326 118.88853500000000452 118.83996600000000399 118.71223399999999515 117.29893500000000017 116.37649500000000558 114.73502299999999821 115.10150099999999895 113.31673399999999674 113.03469800000000589 113.83290900000000079 114.84552800000000161 119.72159600000000523 120.64721699999999771 119.80201700000000642 118.81328600000000506 116.76700599999999497 116.17907700000000659 112.62232199999999693 112.61251799999999434 112.844727000000006 113.04272500000000434 114.4496379999999931 114.91834299999999303
118.7150270000000063 119.14333299999999838 119.59988400000000297 120.35040300000000002 120.84868600000000072 120.95268199999999581 120.66483300000000156 120.26235200000000702 119.98691599999999369 119.6805569999999932 118.56335400000000391 118.11220600000000047 117.67476700000000278 117.79592100000000698 116.35646800000000667 116.20437599999999634 116.19323699999999633 116.1431350000000009 117.25379200000000424 116.48078200000000493 115.70642899999999997 114.62427499999999725 113.50190700000000277 112.82232700000000136 112.72135900000000674 112.47724900000000048 112.51978300000000388 113.31185899999999833 115.38764999999999361 117.85540000000000305 117.09194899999999961 115.85885600000000295 114.62318399999999485 112.62194100000000674 112.36370100000000605 112.68708800000000281 113.26526599999999689 114.73069800000000384 115.74342300000000705 116.14159399999999778
118.95237000000000194 119.27647399999999323 119.68490599999999802 120.40313000000000443 120.94838000000000022 120.83052800000000104 120.47473100000000557 119.97396899999999675 119.55866199999999822 119.01563299999999401 118.51142099999999857 118.08638799999999947 117.64304400000000328 116.84383400000000108 116.30129200000000367 116.02689399999999864 115.88896200000000647 115.71004499999999382 115.02506999999999948 115.25144199999999728 114.63946500000000128 113.88063800000000469 113.14953599999999767 112.81446099999999433 112.79142000000000223 112.47244299999999839 112.50915500000000691 113.79940000000000566 114.55777000000000498 115.15418999999999983 115.50871999999999673 114.91622200000000475 114.39579000000000519 115.39508100000000468 116.78285999999999945 119.17151599999999689 115.94688399999999717 118.71260800000000302 119.20815299999999581 119.08110000000000639
119.14154800000000023 119.32855999999999597 119.54814899999999511 119.98267400000000293 120.5116040000000055 120.38296499999999867 120.01526599999999689 119.49859600000000626 118.89739199999999641 118.77725999999999829 118.71218899999999508 118.51738000000000284 117.8920439999999985 117.51817300000000444 117.14659899999999482 116.31713100000000338 116.1631009999999975 115.42152400000000512 114.9250640000000061 114.66551200000000676 114.49985499999999661 113.9424669999999935 113.03127299999999877 113.08630399999999838 113.17066199999999299 113.21628599999999665 113.36348700000000633 113.91893000000000313 114.52934999999999377 115.12052199999999402 115.50878099999999904 115.55401600000000428 116.58805800000000374 118.54014599999999291 119.97927099999999712 122.89651499999999373 124.43817099999999698 122.92575800000000186 123.11340300000000525 122.13102700000000311
119.35606400000000349 119.43562300000000675 119.61737100000000567 119.65444899999999961 119.63433799999999962 119.59331500000000403 119.60235600000000034 118.77811400000000219 118.62396999999999991 118.54499099999999601 118.63366700000000264 118.84146099999999535 118.23170500000000516 117.82398200000000088 117.43134299999999826 117.04547900000000027 116.14957400000000121 115.5524599999999964 114.9697879999999941 114.70545199999999397 114.65239699999999345 114.54975100000000054 113.60698700000000372 113.53013599999999883 113.5243679999999955 113.76003300000000706 114.55206300000000397 114.37557999999999936 114.94748699999999531 115.71408099999999308 118.32250999999999408 120.72388499999999567 119.95727499999999566 121.99076800000000276 123.6885910000000024 126.28664399999999546 124.95908400000000427 124.05541999999999803 123.84120199999999556 122.67623899999999537
119.82238800000000367 119.65959900000000005 119.63640599999999381 119.55409199999999714 119.48403899999999567 119.47688300000000083 119.1281890000000061 118.76446500000000128 118.50356299999999976 118.29740900000000181 118.18940700000000277 117.9242320000000035 118.09101900000000285 117.69141399999999464 117.24700900000000559 116.51180999999999699 116.17607099999999321 115.70925099999999475 115.15687599999999691 114.96126599999999485 115.14406599999999514 115.44784500000000094 115.77070600000000411 114.45330800000000693 114.26273299999999722 114.63884699999999839 115.11902600000000518 115.93638599999999883 115.90258799999999439 118.91066700000000367 121.63491100000000245 124.68520399999999881 126.82782000000000266 128.12570199999998977 127.94534299999999405 126.72142800000000307 124.46107499999999391 122.69398499999999785 121.63216400000000306 120.67299699999999518
