Example cities/Warsaw/DEM.asc
ncols        96
nrows        94
xllcorner    2336997.296063682530
yllcorner    6841395.533274061047
cellsize     50.000000000000
[rows 54 to 71 of 94, columns 40 to 79 of 96]
121.77559700000000475 121.21342500000000086 120.00872800000000495 119.47877499999999884 118.70501699999999801 118.17607099999999321 117.51365699999999492 117.0247190000000046 116.63442999999999472 116.79859899999999584 117.77632900000000404 118.44979100000000471 118.64350899999999456 118.05462599999999895 117.72676800000000696 117.08099400000000401 116.47627300000000616 115.60224200000000394 114.81498000000000559 113.34207200000000171 111.89060999999999524 111.46921500000000549 110.55188800000000526 108.68812599999999691 97.044326999999995564 94.453461000000004333 92.190558999999993262 91.567284000000000788 90.857712000000006469 88.855727999999999156 87.830475000000006958 87.484711000000004333 87.482346000000006825 87.376853999999994471 87.561485000000004675 87.685546999999999684 88.691963000000001216 89.67482800000000509 90.053116000000002828 90.086539999999999395
122.71539300000000594 121.88365199999999788 120.61488300000000606 119.52518499999999335 118.44826500000000635 117.70861100000000476 117.53505699999999479 117.14545400000000086 116.84023299999999779 117.3011020000000002 117.89830800000000011 118.59202600000000416 118.82511100000000681 118.53113600000000361 117.65747100000000103 117.16507699999999659 116.51511399999999696 115.7510599999999954 115.0136799999999937 113.604881000000006 112.99604800000000182 112.98442099999999755 113.12731200000000342 108.80825000000000102 104.70801500000000317 96.614684999999994375 93.589661000000006652 92.336205000000006748 89.875336000000004333 89.025672999999997614 88.144585000000006403 87.681679000000002588 87.676688999999996099 87.638358999999994126 87.790183999999996445 88.130324999999999136 88.639442000000002508 89.966873000000006755 90.097435000000004379 90.144356000000001927
122.81091299999999933 122.17343099999999367 120.86066399999999987 119.67935900000000515 118.12481699999999307 117.79260299999999972 117.7285839999999979 117.41343700000000183 117.10695599999999672 117.34872400000000425 117.80657200000000273 118.3856580000000065 118.60944399999999632 118.04630299999999465 117.61346399999999335 117.22795100000000446 116.57187700000000063 115.80119299999999782 114.37799800000000516 113.8648680000000013 113.94255800000000534 114.34519199999999728 114.23844099999999457 112.28083800000000281 108.67450700000000552 103.8550340000000034 95.942688000000003967 91.882842999999994049 90.510909999999995534 89.362388999999993189 88.861587999999997578 88.489326000000005479 88.04455600000000004 87.960999000000001047 88.003806999999994787 88.2321319999999929 89.094757000000001312 89.928482000000002472 90.141991000000004419 90.127487000000002126
122.60708599999999535 122.12081100000000333 120.98914299999999855 119.02266699999999844 118.48677800000000104 118.34100300000000061 118.01847800000000177 117.76171100000000536 117.30327599999999677 117.40511300000000006 117.52449799999999414 117.98881500000000244 117.94818100000000527 117.70615399999999795 117.33732600000000446 116.88845100000000343 116.38684800000000052 115.20177499999999782 114.51474000000000331 114.06552100000000394 114.00785100000000227 114.2858889999999974 115.22350299999999379 114.34791599999999789 110.56549800000000516 106.83458699999999908 97.942970000000002528 92.823929000000006795 91.435187999999996578 90.251495000000005575 89.383041000000005738 88.973197999999996455 88.961464000000006536 88.347320999999993774 88.234961999999995896 88.313659999999998718 88.920333999999996877 89.403319999999993684 89.873801999999997747 89.836997999999994136
121.48134600000000205 121.18675199999999847 120.13883199999999363 119.44668599999999969 118.87590799999999547 118.72081799999999419 118.74758099999999672 117.7788929999999965 117.57153300000000229 117.53766600000000153 117.45957199999999432 117.01120000000000232 117.2325440000000043 117.00536300000000267 116.84927399999999409 116.63936599999999544 115.7328109999999981 115.25457000000000107 114.75870500000000618 114.33186299999999846 114.13723000000000241 114.13174399999999764 114.34344500000000266 114.32819399999999632 112.20874799999999993 105.12539700000000664 100.51187899999999331 97.161315999999999349 92.829643000000004349 91.360022999999998206 89.541259999999994079 89.370307999999994308 89.256821000000002186 88.898430000000004725 88.411109999999993647 88.484420999999997548 88.79679899999999293 89.228401000000005183 89.485359000000002538 89.717978999999999701
120.7640609999999981 120.16767099999999857 119.9939420000000041 119.69808199999999943 119.3062359999999984 119.20831300000000397 119.16065999999999292 118.90129899999999452 117.9985810000000015 117.75962800000000641 117.47106899999999996 116.48078900000000147 115.97299200000000496 116.28144799999999748 116.21003699999999981 115.99427799999999422 115.55995900000000631 115.08051299999999628 114.60233300000000156 114.34287299999999732 114.14928399999999442 114.12785300000000177 114.05011700000000019 113.49725300000000061 112.86683700000000385 107.04777500000000146 102.72685199999999384 99.361168000000006373 96.789749000000000478 92.796394000000006486 90.314194000000000528 89.749672000000003891 89.380263999999996827 88.923621999999994614 88.158264000000002625 88.428970000000006735 88.715843000000006668 89.140450000000001296 89.475005999999993378 89.51073499999999683
119.9067229999999995 119.63699300000000392 119.66559599999999364 119.77963300000000402 119.73342100000000698 119.82746899999999357 119.73365800000000547 119.40415199999999629 118.97210699999999406 118.09168200000000581 116.86029100000000369 115.98385600000000295 115.40967600000000459 115.23919700000000432 115.3892060000000015 115.72636400000000378 115.36780500000000416 114.8882899999999978 114.43237299999999834 113.7256320000000045 113.86613499999999988 113.82640100000000416 113.79511999999999716 113.10542300000000182 110.90867599999999982 107.55425300000000277 104.46101400000000581 101.68234300000000303 96.51068100000000527 94.514388999999994212 92.455466999999998734 90.17871900000000096 89.342513999999994212 88.061676000000005615 87.939873000000005732 88.178825000000003342 88.651802000000003545 89.077765999999996893 89.473183000000005904 89.476562999999998738
119.30930299999999988 119.06772599999999329 119.29038199999999392 119.58383899999999755 120.13775599999999599 120.14015999999999451 120.01777599999999779 119.65331999999999368 119.16348999999999592 117.81975599999999815 116.861976999999996 115.75315899999999658 115.07816300000000354 114.99451399999999524 115.21361500000000433 115.40245799999999576 115.23279599999999334 114.82451600000000269 113.98056800000000521 113.71811700000000656 113.69748699999999531 113.67595699999999681 113.66709899999999323 111.97287000000000035 110.91590100000000518 109.05850999999999829 105.32633199999999363 100.76690700000000334 98.409522999999992976 96.071297000000001276 93.853447000000002731 91.442169000000006918 87.982826000000002864 87.225830000000001974 87.595984999999998877 87.781531999999998561 88.06769599999999798 89.262580999999997289 89.3651660000000021 89.372603999999995494
118.66979200000000105 118.7358470000000068 118.98326900000000705 119.69240600000000541 119.92376699999999801 119.80422199999999577 119.88029500000000382 119.4748079999999959 118.38819100000000617 117.81565899999999658 117.19664000000000215 116.00300599999999918 115.42114300000000071 115.22850800000000504 115.33207699999999818 115.42224899999999366 115.3296359999999936 114.58324399999999343 114.1889189999999985 113.90263400000000615 113.88291900000000112 113.92710099999999329 113.34411599999999964 111.90171800000000246 111.09961699999999496 109.58203100000000063 107.78675800000000606 103.84283399999999631 99.41428399999999499 97.229927000000003545 95.102310000000002788 89.8223339999999979 87.144347999999993704 86.330139000000002625 86.789146000000002346 87.172295000000005416 87.741355999999996129 88.192650000000000432 89.056952999999992926 89.127639999999999532
118.6695710000000048 118.58415999999999713 118.954070999999999 119.34586299999999426 119.63268999999999664 119.4887159999999966 119.09698500000000365 118.49546800000000246 118.04288499999999829 117.7144090000000034 117.41149900000000628 116.99181400000000508 116.23553499999999872 115.73883800000000122 115.69812799999999697 115.58425099999999475 115.34729000000000099 115.17126500000000533 114.51763200000000609 114.20983099999999411 114.16072099999999523 114.21522500000000377 114.18576799999999594 112.09826700000000699 111.01326000000000249 109.88268999999999664 107.17833699999999908 104.89489000000000374 102.53787199999999302 99.181381000000001791 93.182320000000004256 90.319916000000006306 87.336951999999996588 84.87567099999999698 85.939789000000004648 86.960555999999996857 87.22237400000000207 87.567490000000006489 88.054885999999996216 88.391052000000001954
118.8976820000000032 119.000945999999999 119.20933499999999583 119.25987200000000144 119.55463399999999297 119.44020799999999838 118.65106199999999603 118.24394999999999811 117.85137899999999433 117.72272499999999695 117.62208599999999592 117.21434800000000109 116.93357799999999713 116.7371830000000017 116.08106200000000285 115.80108599999999797 115.50015999999999394 115.35653700000000299 114.93158699999999328 114.42477399999999932 114.3034059999999954 114.30321499999999446 114.29715699999999856 113.17511700000000019 110.98208599999999535 108.68096199999999385 107.77063800000000526 106.02259800000000212 104.34868600000000072 102.70336899999999503 94.417282000000000153 90.85929899999999293 87.606949000000000183 84.708686999999997624 86.200844000000003575 86.63270599999999888 86.974281000000004838 87.319289999999995189 87.662948999999997568 88.588836999999998056
121.05175800000000663 120.43376899999999807 120.23274200000000178 120.2494959999999935 119.80863999999999692 119.41338299999999606 119.03337899999999649 118.67375199999999325 118.41420700000000465 117.94210800000000461 117.95101900000000228 117.85376700000000483 117.60671999999999571 117.23020200000000557 116.82167099999999493 115.78903999999999996 115.6428149999999988 115.4518589999999989 114.99436199999999531 114.02123299999999517 114.21355400000000202 114.18569899999999961 114.15780599999999367 113.61514999999999986 110.89683499999999583 110.28824600000000089 108.46132699999999716 107.34764099999999587 106.23144499999999368 101.64665999999999713 97.062859000000003107 91.356742999999994481 87.95596299999999701 84.481735000000000468 86.07733899999999494 86.696617000000003372 86.856330999999997289 87.060669000000004303 87.800269999999997594 88.387214999999997644
122.38600900000000138 121.75001500000000476 121.26944699999999955 121.08285499999999502 120.94082600000000127 119.98205600000000004 119.64481399999999667 119.28556100000000129 118.98139999999999361 118.97065000000000623 118.85788700000000517 118.23208599999999535 117.92838299999999663 117.54627999999999588 116.75325800000000243 116.37505299999999409 115.81086700000000178 115.53504900000000077 114.2793049999999937 113.82460799999999779 113.7598339999999979 113.90879800000000444 113.85058600000000695 112.25878899999999305 111.57304399999999589 111.22958400000000267 110.85295899999999847 108.95812200000000303 105.86947600000000591 103.48603799999999353 99.143127000000006888 94.797897000000006074 86.45226300000000208 84.925422999999995 85.860496999999995182 86.867241000000007034 87.140518000000000143 86.976830000000006748 87.516097999999999502 88.191558999999998036
123.98913600000000201 122.99744400000000155 122.16071300000000122 121.79142000000000223 121.36180899999999383 120.96666000000000452 120.14830000000000609 119.74176799999999332 119.15263400000000615 119.18853000000000009 119.09065999999999974 118.84800699999999551 118.25759100000000501 117.48855600000000265 117.08353400000000022 116.70047800000000393 116.31195099999999343 115.68033599999999694 114.3631290000000007 113.83772299999999689 113.78455399999999997 113.79749300000000289 113.8126749999999987 112.66413099999999758 112.26859299999999564 112.05538199999999449 111.72515900000000499 110.23738899999999319 107.26363399999999615 104.73354299999999739 101.16935700000000509 97.54455600000000004 92.18492899999999679 86.984252999999995382 86.6154329999999959 87.24490400000000534 87.30214700000000505 87.247955000000004588 87.530411000000000854 88.157203999999993016
124.21112100000000567 124.42938999999999794 123.30469499999999528 122.19566299999999615 121.76789100000000587 121.25953699999999458 120.67816899999999691 119.26564000000000476 118.98941800000000057 119.04946099999999376 119.06094400000000633 118.98046100000000536 118.55521400000000654 117.81343099999999424 117.42292000000000485 117.02050800000000663 116.63417800000000568 115.76829499999999484 114.68370099999999923 114.16496999999999673 114.12010200000000282 114.28712500000000318 114.38118000000000052 114.26391599999999471 113.0481189999999998 113.08001699999999801 112.03685799999999517 111.29541799999999796 110.09072899999999606 106.74146299999999599 103.5428009999999972 96.982001999999994268 95.119506999999998698 92.32424899999999468 88.490737999999993235 88.172202999999996109 88.100052000000005137 88.046852000000001226 88.458091999999993504 89.281586000000004333
124.36042000000000485 124.8722839999999934 124.00424200000000496 122.7489400000000046 122.14665200000000311 121.51967600000000402 120.89180799999999749 118.88816799999999319 118.17146300000000281 118.66887699999999484 118.83664699999999925 119.06000500000000386 118.86430400000000418 118.46274599999999566 117.76300799999999924 117.36521100000000217 116.57132699999999659 116.15679900000000657 115.76854699999999809 114.76043699999999603 114.67306499999999403 114.8990399999999994 115.3139189999999985 115.32787299999999675 115.0768810000000002 113.41512299999999414 112.60623900000000219 111.95250699999999711 111.27699300000000449 110.07169299999999623 103.4161150000000049 100.2189560000000057 98.231498999999999455 95.456969999999998322 93.398421999999996501 91.51727300000000298 89.592917999999997392 89.552795000000003256 89.917632999999995036 90.972419999999999618
124.65546399999999494 124.91379499999999325 124.41327699999999368 123.87657199999999591 122.60710899999999413 121.89103699999999719 120.19486999999999455 118.83582300000000487 118.03942899999999838 118.08875999999999351 118.91847199999999418 119.19909699999999475 119.09665699999999333 118.69763899999999524 118.28170799999999474 117.25451700000000699 116.87513699999999517 116.49519300000000044 116.16575600000000179 115.98165099999999939 116.05020899999999529 115.63650499999999965 116.02594799999999964 116.14592000000000382 114.96805600000000425 114.39240300000000161 113.14850599999999758 112.43994100000000458 111.99485799999999358 110.8084259999999972 109.32677499999999782 104.12007099999999582 101.55547300000000632 99.40356400000000292 95.150597000000004755 94.014977000000001794 93.224975999999998066 91.172698999999994385 91.193466000000000804 91.528762999999997874
124.84561200000000269 124.88220200000000659 124.72058900000000392 124.38881700000000308 123.47010000000000218 120.4206089999999989 120.00297500000000639 118.76527400000000512 118.05590800000000229 118.06043999999999983 118.76143600000000333 119.21909300000000087 119.22309900000000482 118.82613399999999615 117.95236199999999371 117.56978599999999346 117.11266299999999774 116.8086320000000029 116.54827099999999973 116.40145099999999445 116.46673599999999738 116.56744399999999473 116.43003799999999615 116.04267099999999857 115.33827200000000346 114.54972100000000523 113.62380199999999775 112.77149199999999496 112.21904000000000678 112.17556000000000438 111.88491799999999898 110.61140399999999318 105.00785799999999881 100.1443790000000007 97.983337000000005901 96.417182999999994308 95.208099000000004253 93.354111000000003173 91.965514999999996348 91.764968999999993571
