Example cities/Warsaw/DEM.asc
ncols        96
nrows        94
xllcorner    2336997.296063682530
yllcorner    6841395.533274061047
cellsize     50.000000000000
[rows 18 to 35 of 94, columns 40 to 79 of 96]
110.16277300000000139 110.80880700000000161 111.40027600000000518 111.98911300000000324 112.94971499999999764 112.76339000000000112 111.80853299999999706 110.85423299999999358 109.16339100000000428 100.19385499999999922 93.570755000000005452 91.221808999999993262 89.854797000000004914 89.086365000000000691 89.236007999999998219 86.48516100000000506 85.700721999999998957 82.259856999999996674 76.681999000000004685 76.681999000000004685 76.681999000000004685 76.621712000000002263 76.621712000000002263 76.62455699999999581 76.62645700000000204 76.627403000000001043 76.627403000000001043 76.627403000000001043 76.627403000000001043 76.627403000000001043 76.627403000000001043 76.627403000000001043 77.067420999999995956 77.346412999999998306 77.727394000000003871 78.447845000000000937 80.361915999999993687 85.016257999999993444 86.697509999999994079 87.694518999999999664
109.72072599999999909 110.04320500000000038 110.51421399999999551 111.92917599999999823 112.41461900000000185 112.21690399999999954 111.56663500000000511 110.90630299999999409 107.05493900000000451 102.35214200000000062 98.624679999999997904 93.307755000000000223 90.609268000000000143 90.77333099999999888 91.599197000000003754 92.393935999999996511 92.586951999999996588 82.698074000000005412 79.372673000000006027 76.681999000000004685 76.681999000000004685 76.681999000000004685 76.623610999999996807 76.62455699999999581 76.62645700000000204 76.627403000000001043 76.628356999999994059 76.628356999999994059 76.628356999999994059 76.628356999999994059 76.628356999999994059 76.628356999999994059 76.680144999999996003 77.10066999999999382 77.479393000000001734 78.340271000000001322 81.216826999999994996 83.012237999999996418 85.483825999999993428 86.43096199999999385
109.38652000000000442 109.25797300000000689 110.15734899999999641 110.66393300000000011 111.08177200000000084 111.08785199999999804 110.72881300000000238 110.08106200000000285 108.16191100000000347 103.69495399999999563 99.776748999999995249 96.261284000000003402 91.713645999999997116 91.688004000000006499 92.427620000000004552 93.398537000000004582 92.375549000000006572 89.179091999999997142 82.324768000000005941 79.429519999999996571 77.701590999999993414 76.681999000000004685 76.681999000000004685 76.62455699999999581 76.62645700000000204 76.627403000000001043 76.628356999999994059 76.628356999999994059 76.629302999999993062 76.629302999999993062 76.629302999999993062 76.629302999999993062 76.629302999999993062 76.680000000000006821 77.323677000000003545 78.616425000000006662 79.709412000000000376 80.560867000000001781 80.710967999999994049 85.152389999999996917
109.31478099999999642 108.79363299999999981 108.83013200000000609 109.44691500000000417 109.63141600000000153 109.74842099999999334 109.4642029999999977 109.36946899999999516 108.58415200000000311 104.81204999999999927 100.76843999999999824 94.23504599999999698 92.58029200000000003 92.005134999999995671 92.405570999999994797 93.76693000000000211 92.571135999999995647 90.324982000000005655 86.757369999999994548 82.487082999999998378 77.660347000000001572 76.681999000000004685 76.681999000000004685 76.681999000000004685 76.62645700000000204 76.627403000000001043 76.628356999999994059 76.629302999999993062 76.632148999999998296 76.63404800000000705 76.632148999999998296 76.632148999999998296 76.632148999999998296 76.632148999999998296 76.680000000000006821 77.5809019999999947 79.467399999999997817 78.386977999999999156 78.578216999999995096 76.956596000000004665
108.87750200000000689 108.7828140000000019 108.82002300000000616 108.91311600000000226 109.02197300000000268 108.70381899999999575 108.73010999999999626 108.71163900000000524 107.39343999999999824 105.40725700000000131 97.845871000000002482 94.64470699999999681 92.859656999999998561 92.53936000000000206 92.657875000000004206 93.282607999999996196 92.486168000000006373 90.498397999999994568 87.710769999999996571 82.353888999999995235 78.857956000000001495 77.493979999999993424 76.681999000000004685 76.681999000000004685 76.627403000000001043 76.627403000000001043 76.628356999999994059 76.629302999999993062 76.63404800000000705 76.63404800000000705 76.634995000000003529 76.63404800000000705 76.63404800000000705 76.63404800000000705 76.680000000000006821 76.680000000000006821 76.672996999999995182 76.672996999999995182 76.672996999999995182 76.672996999999995182
109.08053599999999506 108.91249799999999937 108.94153599999999926 109.1394729999999953 109.40303000000000111 108.50429499999999905 108.08424399999999821 107.65898099999999715 106.71456899999999735 101.07627100000000553 98.263664000000005672 94.783248999999997864 93.148087000000003854 92.694121999999993022 92.385925000000000296 92.257744000000002416 92.265929999999997335 90.330359999999998877 85.567192000000005692 83.160888999999997395 80.857117000000002349 78.294601000000000113 77.217742999999998688 76.681999000000004685 76.681999000000004685 76.627403000000001043 76.628356999999994059 76.629302999999993062 76.63404800000000705 76.634995000000003529 76.634995000000003529 76.638785999999996079 76.634995000000003529 76.634995000000003529 76.634995000000003529 76.680000000000006821 76.672996999999995182 76.788826000000000249 77.081328999999996654 77.930779000000001133
109.79201500000000635 109.24582700000000557 109.36796599999999557 110.10434700000000419 110.17929800000000284 109.61825600000000236 108.03273000000000081 107.04570800000000474 103.73271200000000647 100.77378799999999615 97.612540999999993119 94.894035000000002356 93.387962000000001694 92.524642999999997528 92.197342000000006124 91.905754000000001724 91.336555000000004156 88.163864000000003784 86.166649000000006708 83.873633999999995581 81.663291999999998438 79.517173999999997136 77.092751000000006911 76.823668999999995322 76.681999000000004685 76.680999999999997385 76.628356999999994059 76.632148999999998296 76.63404800000000705 76.634995000000003529 76.634995000000003529 76.640686000000002309 76.640686000000002309 76.638785999999996079 76.638785999999996079 76.638785999999996079 76.672996999999995182 77.174025999999997794 76.969238000000004263 78.914351999999993836
110.47251099999999724 110.71614099999999326 110.07933800000000701 111.04661600000000021 111.31738300000000663 110.80599999999999739 110.18641700000000583 105.69628099999999904 103.50228099999999642 100.8221589999999992 97.944732999999999379 95.38389599999999291 93.047943000000003622 92.576828000000006114 92.105247000000005642 91.640952999999996109 91.060401999999996292 88.823441000000002532 86.779517999999995936 84.794196999999996933 82.791167999999998983 78.99954200000000526 78.045653999999998973 77.208800999999994019 76.985923999999997136 76.681999000000004685 76.629302999999993062 76.632148999999998296 76.63404800000000705 76.634995000000003529 76.636893999999998073 76.638785999999996079 76.640686000000002309 76.640686000000002309 76.640686000000002309 76.640686000000002309 76.640686000000002309 77.029708999999996877 77.818000999999995315 79.038634999999999309
111.46791100000000085 111.81076000000000192 112.84762600000000532 112.19139099999999587 112.48395499999999458 111.93402899999999534 109.94541200000000458 107.86994199999999466 104.50202899999999318 101.2328109999999981 98.384963999999996531 94.099045000000003824 93.164565999999993551 92.743431000000001063 92.112869000000003439 91.505782999999993876 90.024292000000002645 89.180762999999998897 88.31512499999999477 86.009720000000001505 82.401786999999998784 80.905272999999993999 80.069869999999994548 79.630356000000006134 79.41876999999999498 77.109763999999998418 76.680999999999997385 76.63404800000000705 76.63404800000000705 76.634995000000003529 76.638785999999996079 76.640686000000002309 76.638785999999996079 76.640686000000002309 76.642585999999994328 76.640686000000002309 76.640686000000002309 76.640686000000002309 76.672996999999995182 78.673514999999994757
112.46626999999999441 113.33902000000000498 113.80176500000000317 113.96558400000000688 113.35508000000000095 111.74602500000000305 110.22873699999999531 108.0788040000000052 105.24565099999999518 101.93284599999999784 96.211562999999998169 94.518287999999998306 93.495163000000005127 93.302963000000005422 92.772414999999995189 90.75818599999999492 90.03961200000000531 89.449562000000000239 88.94336699999999496 87.662102000000004409 84.927711000000002173 83.686745000000001937 83.037047999999998638 82.500893000000004918 81.28211199999999792 80.393471000000005233 77.491523999999998296 76.689368999999999232 76.680999999999997385 76.636893999999998073 76.638785999999996079 76.640686000000002309 76.640686000000002309 76.642585999999994328 76.645431999999999562 76.645431999999999562 76.642585999999994328 76.642585999999994328 76.672996999999995182 77.48575599999999497
113.35785699999999565 113.88037900000000491 114.23891399999999408 114.33875999999999351 114.4312670000000054 112.2247160000000008 110.28759800000000268 108.28100600000000497 105.23800699999999608 99.723029999999994288 97.510918000000003758 95.467712000000005901 94.448256999999998129 94.269042999999996368 92.753249999999994202 91.276984999999996262 90.067954999999997767 89.67041799999999796 89.342383999999995581 88.561058000000002721 88.285385000000005107 86.504897999999997182 85.921370999999993501 84.726249999999993179 83.661995000000004552 82.768096999999997365 81.968681000000003678 77.884788999999997827 76.680999999999997385 76.636893999999998073 76.638785999999996079 76.640686000000002309 76.640686000000002309 76.643531999999993332 76.643531999999993332 76.645431999999999562 76.645431999999999562 76.645431999999999562 76.645431999999999562 76.645431999999999562
114.46920000000000073 114.20983900000000233 114.45839700000000505 114.63003500000000656 114.55002600000000257 113.07897199999999316 110.83658599999999694 108.648894999999996 103.15522799999999393 101.18924699999999461 99.499908000000004904 98.424103000000002339 95.938393000000004918 94.773285000000001332 93.807486999999994737 92.082756000000003382 90.385756999999998129 89.952408000000005472 89.27833599999999592 88.929787000000004582 88.563354000000003907 88.213120000000003529 87.469115999999999644 86.771750999999994747 85.880393999999995458 85.340880999999995993 84.760918000000003758 81.103515999999999053 77.438629000000005931 76.680999999999997385 76.638785999999996079 76.640686000000002309 76.642585999999994328 76.643531999999993332 76.645431999999999562 76.645431999999999562 76.647330999999994106 76.647330999999994106 76.647330999999994106 76.645431999999999562
114.85647600000000068 115.06949600000000089 114.75649300000000608 115.14188400000000456 115.03138699999999517 113.85162400000000105 112.55289500000000658 111.05727400000000671 104.51197799999999916 102.88697799999999916 101.80586999999999875 100.70196500000000128 99.053696000000002186 95.986937999999994986 94.871917999999993754 92.924484000000006745 90.635818000000000438 90.151252999999996973 89.569809000000006449 89.150786999999994009 88.748558000000002721 88.348793000000000575 87.481300000000004502 87.187980999999993514 87.247826000000003432 87.27227800000000002 84.639076000000002864 82.837470999999993637 80.80793799999999294 77.622307000000006383 76.792777999999998428 76.640686000000002309 76.642585999999994328 76.643531999999993332 76.645431999999999562 76.645431999999999562 76.647330999999994106 76.648276999999993109 76.648276999999993109 76.648276999999993109
115.10400400000000332 115.16127799999999581 115.19116999999999962 115.31635300000000655 115.26699100000000442 114.49617800000000045 113.22107699999999397 110.2641140000000064 108.10744499999999846 104.69725800000000504 104.29509000000000185 101.82002300000000616 100.55294800000000066 98.346451000000001841 95.74689499999999498 93.497992999999993913 90.343322999999998046 90.142501999999993245 89.737960999999998535 89.332854999999995016 88.936531000000002223 87.99980899999999906 87.444794000000001688 87.008437999999998169 87.076599000000001638 87.780899000000005117 85.971085000000002196 84.156318999999996322 81.855323999999995976 79.994881000000006566 77.071670999999994933 76.687781999999998561 76.642585999999994328 76.643531999999993332 76.645431999999999562 76.647330999999994106 76.647330999999994106 76.648276999999993109 76.651122999999998342 76.651122999999998342
115.31346899999999778 114.9801479999999998 114.96511099999999317 115.10698700000000372 115.33387000000000455 114.83020799999999895 112.59151500000000112 111.11482999999999777 109.13243099999999686 107.79833200000000204 105.98567199999999389 103.81709299999999985 102.08552600000000155 99.599815000000006648 97.246360999999993169 91.328545000000005416 90.233520999999996093 89.970298999999997136 89.537154999999998495 89.094925000000003479 88.573502000000004841 88.098922999999999206 87.491187999999993963 87.017028999999993744 87.235732999999996196 87.439064000000001897 86.933661999999998216 85.262412999999995122 83.13303399999999499 79.360000999999996907 78.373756000000000199 77.154480000000006612 76.680000000000006821 76.643531999999993332 76.645431999999999562 76.647330999999994106 76.648276999999993109 76.648276999999993109 76.651122999999998342 76.651122999999998342
115.00257100000000321 114.81099700000000041 114.83136000000000365 115.02055400000000418 115.26609000000000549 114.15032999999999674 112.87891399999999464 111.46494300000000521 109.74134800000000212 108.41349800000000414 107.50088499999999669 105.26223799999999642 103.77830500000000313 101.45316300000000354 95.751945000000006303 92.760452000000000794 90.218902999999997405 89.850257999999996628 89.472076000000001272 88.675407000000006974 88.599395999999998708 88.401450999999994451 87.725380000000001246 87.300346000000004665 87.248160999999996079 87.312820000000002096 87.286170999999995956 86.266982999999996196 82.852226000000001704 81.133681999999993195 79.983131000000000199 79.26528199999999913 77.499634000000000356 76.645431999999999562 76.645431999999999562 76.647330999999994106 76.648276999999993109 76.649223000000006323 76.651122999999998342 76.654921999999999116
118.53305799999999692 115.2745129999999989 115.11402099999999393 115.17430899999999383 115.21997100000000103 114.62229200000000162 113.59676399999999319 111.70326199999999517 110.20851899999999546 109.01286299999999585 109.25962800000000641 109.14214300000000435 105.62232199999999693 100.1608889999999974 97.488380000000006476 94.491348000000002116 92.13053899999999885 90.120506000000005997 89.056319999999999482 88.743256000000002359 88.677422000000007074 88.626288999999999874 88.39656800000000203 87.582909000000000788 87.54204599999999914 87.478279000000000565 87.455414000000004648 87.055404999999993265 85.031745999999998276 83.580185000000000173 82.318236999999996328 81.247001999999994837 80.112076000000001841 79.277618000000003917 76.647330999999994106 76.647330999999994106 76.648276999999993109 76.651122999999998342 76.651122999999998342 76.651122999999998342
120.78786499999999648 119.35806999999999789 116.35150099999999895 115.7038040000000052 115.40085600000000454 115.00090799999999547 114.51947800000000655 113.72633399999999426 110.19527399999999773 110.44680800000000431 111.13935100000000489 111.30474100000000703 110.56001999999999441 103.0018309999999957 99.857444999999998458 97.115973999999994248 94.079864999999998076 90.359656999999998561 89.257491999999999166 88.951522999999994568 88.901672000000004914 88.903380999999995993 88.663642999999993322 88.518494000000004007 87.930733000000003585 87.81491900000000328 87.658851999999995996 87.526000999999993724 87.544539999999997804 85.99121900000000096 84.881698999999997568 83.087722999999996887 82.251045000000004848 82.060303000000004658 81.449577000000005 77.612305000000006316 76.649223000000006323 76.651122999999998342 76.651122999999998342 76.654921999999999116
