Example cities/Warsaw/DEM.asc
ncols        96
nrows        94
xllcorner    2336997.296063682530
yllcorner    6841395.533274061047
cellsize     50.000000000000
[rows 72 to 89 of 94, columns 40 to 79 of 96]
122.59870899999999949 124.23477900000000318 123.98458899999999971 123.54595199999999977 120.70259900000000641 119.35211200000000531 119.0300060000000002 118.71728500000000395 118.23686200000000213 118.42796300000000542 118.71046400000000176 119.1130979999999937 119.26472499999999854 118.46500399999999331 118.0188749999999942 117.61772899999999709 117.37551100000000304 117.11785899999999572 116.82783499999999322 116.79494499999999846 116.8325580000000059 116.9089660000000066 117.01457200000000114 116.37118499999999699 115.611298000000005 114.73877699999999891 113.87847100000000466 113.08271799999999985 112.66910599999999931 112.78630099999999459 113.10071600000000558 112.33578500000000133 107.09027899999999534 103.68122900000000186 100.00275399999999593 98.15557900000000302 96.916938999999999282 94.696503000000006978 93.495841999999996119 92.110114999999993302
121.7909089999999992 121.72168700000000285 122.32637800000000539 120.71647600000000011 119.47286200000000633 119.1235810000000015 119.13969400000000576 119.23458899999999971 118.4754870000000011 118.55120800000000258 118.68473099999999931 118.91955600000000004 118.69653300000000229 118.43222799999999495 117.97615100000000155 117.52567299999999761 117.2805709999999948 117.13507099999999639 117.07888800000000629 117.09151500000000112 117.078156000000007 117.05181899999999473 116.91619099999999776 116.43077900000000113 115.72602100000000291 114.93888900000000319 113.48690000000000566 113.26020800000000577 113.10999300000000289 113.00142700000000673 113.48655700000000479 110.95742799999999306 107.88237800000000277 104.44356500000000665 101.76071899999999459 99.158371000000002482 97.244681999999997402 96.108063000000001352 94.583175999999994588 93.654647999999994568
121.55448199999999304 121.65450300000000539 121.18933900000000392 121.06686399999999537 120.32513400000000559 120.66851800000000594 120.96482100000000059 120.70953400000000499 120.29997299999999427 118.83856199999999603 118.75541699999999423 118.66391000000000133 118.27742000000000644 117.8187640000000016 117.7534559999999999 117.23249800000000675 116.83978299999999706 116.77045400000000086 116.70108000000000459 116.58014699999999664 116.89643100000000686 116.21286800000000028 115.82778899999999567 115.73114800000000457 115.23995200000000239 114.94249000000000649 113.56333200000000261 113.21112100000000567 112.86962099999999509 112.78852799999999945 112.68440999999999974 110.46440099999999518 107.55445100000000025 104.73244499999999846 102.11678299999999808 99.575301999999993541 98.129097000000001572 97.115523999999993521 95.667534000000003402 94.535743999999994003
121.38629899999999395 121.96375299999999697 121.82518000000000313 121.70940400000000636 121.9238200000000063 121.85742199999999968 121.98323100000000352 121.65043599999999913 121.15266400000000147 120.54859899999999584 119.02438399999999774 117.87970699999999624 117.43057299999999543 117.18687400000000309 116.84266700000000583 116.41287199999999302 116.30391699999999844 116.22631099999999549 116.15831000000000017 116.03734599999999944 114.74491100000000188 114.86026800000000492 114.42220299999999611 114.57456200000000024 114.58095600000000047 113.77515400000000056 113.57560700000000509 113.08589200000000119 112.74350699999999392 112.1880869999999959 111.18978099999999642 109.36645500000000197 107.1424559999999957 104.69462599999999952 101.13401000000000352 100.03486599999999385 99.096198999999998591 97.708374000000006276 96.449584999999999013 94.43257099999999582
120.16636699999999394 122.03034200000000453 122.04808800000000701 122.02954099999999471 122.04286999999999352 122.25593600000000549 122.22715800000000286 122.01289400000000285 121.62965400000000216 121.20663500000000568 119.59629800000000444 117.65895100000000184 117.02108800000000599 116.89607200000000375 116.66420700000000465 115.82945999999999742 115.73205600000000004 115.81372100000000103 115.75946799999999826 115.38165999999999656 114.55306199999999706 113.79760000000000275 113.51334400000000358 113.60414099999999848 113.67163100000000497 113.4153440000000046 113.2103350000000006 113.01580800000000693 111.97134400000000198 111.21276899999999443 110.19611399999999435 108.77936599999999601 107.00706499999999721 102.89826200000000256 101.68173199999999667 100.48586299999999483 99.396393000000003326 98.474800000000001887 95.674599000000000615 94.809371999999996206
117.73823500000000308 119.31350700000000131 121.41607700000000136 121.79629500000000064 122.17127200000000187 122.33133700000000488 122.43881199999999865 122.21653700000000242 122.09730500000000575 120.95993799999999396 120.27192700000000514 119.15761600000000442 117.25466900000000692 117.09202600000000416 116.45461299999999483 115.99583400000000211 115.84704600000000596 115.87233700000000169 115.56830600000000686 115.25640900000000499 114.6500170000000054 113.84339099999999689 113.15153499999999553 113.01403000000000532 113.0357970000000023 112.91098800000000324 112.80712900000000332 112.50756800000000624 111.48155199999999354 110.65879800000000444 109.77650500000000022 108.63686400000000276 105.72419700000000375 104.12006399999999928 102.19622800000000495 101.02319300000000624 99.784903999999997382 97.303154000000006363 96.025620000000003529 94.962699999999998113
116.6078640000000064 118.25388300000000186 118.97849300000000028 121.40062700000000007 121.90680700000000058 122.16393999999999664 122.4195399999999978 122.60900900000000036 122.12064399999999864 121.56573500000000365 120.95537600000000111 119.98436700000000599 118.88584899999999323 117.45832799999999452 116.96235699999999724 116.36244200000000149 116.1361919999999941 116.08074200000000076 115.83964500000000442 115.26766999999999541 114.55621299999999962 113.77431500000000142 112.47653999999999996 112.13654300000000319 112.35544600000000059 112.30808299999999633 112.24939700000000187 111.445801000000003 110.84968600000000549 110.3013080000000059 109.69535100000000227 107.68926199999999938 106.29077900000000056 105.03327199999999664 103.88866400000000567 101.58596799999999405 98.948875000000001023 97.456917000000004236 96.144936000000001286 95.00811000000000206
115.93228100000000325 117.85049399999999764 118.6287229999999937 119.7454529999999977 121.3845670000000041 121.85231000000000279 122.16659500000000094 122.70449100000000442 122.59596299999999758 121.88046300000000599 121.0627669999999938 120.14076199999999517 118.68936899999999923 118.30679299999999898 117.73628999999999678 116.74935899999999833 116.43710299999999336 116.44710499999999342 116.30799100000000124 116.17121899999999357 114.76953100000000063 113.5007930000000016 113.03517200000000287 112.54401400000000422 112.38588699999999676 112.08608999999999867 111.76809699999999737 111.36376199999999415 110.88446000000000424 110.38363599999999565 109.91104099999999733 108.2324299999999937 107.30161999999999978 105.98145300000000191 104.91034700000000157 101.65792100000000175 99.219123999999993657 97.724227999999996541 96.273940999999993551 95.092110000000005243
115.94483900000000176 118.11257899999999665 119.0116040000000055 119.23482500000000073 119.95551299999999628 121.25483699999999487 122.09800699999999551 122.52105699999999899 122.45547500000000696 121.79457899999999881 121.09492500000000348 119.14712500000000261 118.62578600000000506 118.28456099999999651 117.82599600000000351 117.2975540000000052 116.84139999999999304 117.04073300000000302 117.23547399999999641 117.42194399999999632 117.40152700000000152 115.4078140000000019 115.30999799999999311 115.18653100000000222 115.19998200000000566 114.52098100000000613 112.43669099999999617 111.98453499999999394 111.45320100000000707 110.8831480000000056 109.71528600000000608 109.11650799999999606 108.02571899999999516 107.04762999999999806 104.46482799999999713 102.49482700000000079 100.53198199999999929 98.196503000000006978 96.554267999999993322 93.910460999999997966
115.46595000000000653 118.76071199999999806 118.91577900000000056 119.05841100000000665 119.4832839999999976 119.93112899999999854 121.3508070000000032 121.70543700000000342 121.67272900000000391 121.05434400000000039 119.11070999999999742 118.74262199999999723 118.24212599999999895 117.98200199999999427 117.71086099999999419 117.3087770000000063 117.56241599999999892 117.53566700000000367 117.86415100000000677 118.20085100000000011 118.15083300000000577 118.24349200000000337 117.27210200000000384 117.20049299999999448 117.28398900000000538 116.65071100000000115 115.40189399999999864 113.82208300000000634 112.21213500000000352 110.70579499999999484 110.08037600000000111 109.49572799999999972 108.86754600000000437 106.80580899999999644 105.45175899999999558 103.40518199999999638 101.58213000000000648 99.704955999999995697 95.722549000000000774 94.219643000000004918
117.14727800000000002 118.28617099999999596 118.64601899999999546 118.88867199999999968 119.24741400000000624 119.63949599999999407 119.64484400000000619 120.45198800000000006 120.25304400000000271 119.11996499999999344 118.63024099999999805 118.2309190000000001 118.01644100000000037 117.79971299999999701 117.55622099999999364 117.55486299999999744 117.78253200000000334 118.11596699999999771 118.26462600000000691 118.55479400000000112 118.18468500000000176 117.85369900000000598 117.39766699999999844 117.65922500000000639 118.00671400000000233 117.66303299999999865 116.57754500000000064 114.81069899999999961 111.52225500000000125 110.62690000000000623 109.76115400000000477 109.30484800000000689 108.90888999999999953 107.45692400000000077 105.85266099999999767 103.58239700000000028 101.83885999999999683 98.405219999999999914 96.753676999999996156 95.236191000000005147
116.452147999999994 117.86065700000000334 117.98453499999999394 118.58808899999999653 119.24037199999999359 119.35661299999999585 119.47460200000000441 119.61853000000000691 119.57437899999999331 119.18289900000000614 118.87421399999999494 118.72446399999999755 118.66384100000000501 118.33780699999999797 117.82363900000000001 117.79691300000000354 117.90056599999999776 118.06593300000000113 117.95533799999999758 118.36164100000000587 118.04430399999999679 117.62210100000000068 116.65286999999999296 116.63951900000000705 117.40318299999999851 117.99752800000000263 117.76981399999999667 114.01540400000000375 111.74491899999999589 109.41271999999999309 108.65792100000000175 107.87918100000000265 107.12354299999999796 106.55658699999999328 105.19908100000000672 103.66006500000000301 100.13472699999999804 98.827972000000002595 97.275360000000006266 96.057274000000006708
116.33209999999999695 117.32499699999999621 117.60191299999999615 118.35902400000000512 118.92104299999999739 119.15540300000000684 119.42433200000000681 119.69493099999999686 120.09977000000000658 119.58254200000000367 119.47649400000000242 119.52706899999999735 119.26429699999999912 118.93734700000000259 118.70299500000000137 118.08901199999999676 118.00721699999999714 117.69992799999999988 117.16412400000000105 116.75785100000000227 117.33845499999999618 116.95070599999999672 116.13106500000000665 116.33983600000000536 117.28063199999999711 118.4034730000000053 118.0306850000000054 115.69582400000000177 112.70726799999999912 109.78041100000000085 107.09532900000000666 106.22687500000000682 105.68207599999999502 105.27242999999999995 104.31592600000000459 103.11736299999999744 100.13907600000000286 98.852905000000006908 97.612053000000003067 96.658348000000003708
116.21926899999999705 117.00897999999999399 117.88476599999999905 118.28688800000000469 118.82840000000000202 119.09675599999999918 119.42409499999999412 120.13286600000000703 120.33503699999999981 120.35660599999999931 120.33983600000000536 120.0135879999999986 119.73932600000000548 119.40188600000000463 119.09309399999999357 118.76938599999999724 117.94636500000000012 117.52376599999999485 116.80465700000000595 116.15948500000000365 115.82996400000000392 115.84471899999999778 115.40109999999999957 115.77700799999999504 116.95520000000000493 119.53673600000000476 119.79882800000000032 117.57881199999999922 114.70706199999999342 110.82479100000000471 105.90274800000000255 105.86714899999999773 105.51879099999999312 104.87153600000000608 104.11957599999999502 102.39468399999999804 101.06707799999999509 99.92266100000000506 98.047805999999994242 96.265632999999994013
118.45867900000000361 117.58760100000000648 117.93140400000000056 118.42919200000000046 119.25811000000000206 119.92423999999999751 119.99351500000000215 120.27574900000000468 120.44177999999999429 120.47655500000000472 120.45503200000000277 120.15282399999999541 119.93301400000000001 119.62811299999999903 119.3327639999999974 118.74147800000000075 118.38163799999999526 117.61412799999999379 116.9025270000000063 116.12659499999999468 115.55733499999999481 115.21163199999999449 114.5665740000000028 115.01760099999999909 116.09200300000000539 118.51508300000000418 118.59343699999999444 117.72381599999999935 116.00045000000000073 109.49433100000000252 106.40171800000000246 106.02314800000000616 105.78596500000000447 105.06387300000000096 103.86914799999999559 103.01874499999999557 101.83266399999999408 100.82198300000000302 99.586387999999999465 97.147857999999999379
119.3065339999999992 119.16815900000000283 118.60862000000000194 119.08756999999999948 119.8997190000000046 120.99371299999999962 120.83855400000000202 120.69389300000000276 120.48793799999999976 120.47900400000000332 120.27467300000000705 119.96319599999999639 119.71840699999999913 119.65517400000000237 119.26363399999999615 119.05647999999999342 118.71004499999999382 118.26527400000000512 117.1423419999999993 115.91419999999999391 115.67021900000000301 115.25606500000000665 114.54833200000000204 114.10365299999999422 116.0292129999999986 117.11360899999999674 117.33226799999999912 116.78672000000000253 114.58136000000000365 110.84963999999999373 107.35975600000000441 106.2328109999999981 105.63796999999999571 104.36332699999999818 104.08526600000000428 103.27808400000000688 102.42172200000000259 101.70773300000000461 101.24458300000000577 100.21119699999999852
119.38165999999999656 119.39459999999999695 119.90435800000000199 119.91391799999999535 121.45375799999999344 121.52751200000000154 121.2478100000000012 120.92393500000000017 120.60007500000000391 120.42867999999999995 120.19310000000000116 119.80300099999999475 119.51734899999999584 119.35913800000000151 119.35321000000000424 119.2428510000000017 118.92916900000000169 118.47798899999999378 116.94379399999999691 116.14733099999999411 115.79195400000000404 115.34551999999999339 114.64091500000000678 114.08174900000000207 114.24415600000000381 115.46106000000000336 115.71450000000000102 115.23241400000000567 113.69821199999999806 111.8246379999999931 108.7507710000000003 106.96041099999999346 104.87010999999999683 103.843718999999993 103.46698800000000062 103.22421300000000599 102.74504100000000051 102.91126300000000526 102.48149899999999946 102.136131000000006
119.33343499999999437 119.27455100000000243 119.78556799999999782 121.33977500000000305 122.05011000000000365 121.9287259999999975 121.50715599999999483 121.08319899999999336 120.39794200000000046 120.20687100000000669 120.06812999999999647 119.63121800000000405 119.28727000000000658 119.15392300000000603 119.11978899999999726 119.23821300000000178 118.9403080000000017 117.76855500000000632 116.9445570000000032 116.20657300000000589 115.79942300000000444 115.43687400000000309 114.29713399999999979 114.12884499999999832 114.15304600000000335 113.85163900000000581 114.21303600000000245 113.87306999999999846 112.85951199999999517 112.14169300000000362 111.16217000000000326 106.7180100000000067 105.70365099999999359 104.50794199999999989 103.9646759999999972 103.87075000000000102 104.87543499999999597 104.28854400000000169 103.92151599999999689 103.44448900000000435
