Example cities/Belgrad/DEM.asc
ncols        86
nrows        83
xllcorner    2275768.681820620783
yllcorner    5591255.022428711876
cellsize     50.000000000000
[rows 0 to 17 of 83, columns 0 to 39 of 86]
70.005959000000004266 69.496498000000002548 69.500052999999994086 69.482712000000006469 68.550124999999994202 68.029999000000003662 68.029999000000003662 68.029999000000003662 68.029999000000003662 68.029999000000003662 68.029999000000003662 68.029999000000003662 68.029999000000003662 68.029999000000003662 68.029999000000003662 68.029999000000003662 68.029999000000003662 68.03099799999999675 68.03099799999999675 68.03099799999999675 68.03099799999999675 68.03099799999999675 68.03099799999999675 68.03099799999999675 68.029999000000003662 68.029999000000003662 68.028998999999998887 68.028998999999998887 68.028998999999998887 68.028998999999998887 68.028998999999998887 68.028998999999998887 68.028998999999998887 68.028998999999998887 68.028998999999998887 68.028998999999998887 68.028998999999998887 68.028998999999998887 68.028998999999998887 68.028998999999998887
71.852851999999998611 70.130393999999995458 69.508492000000003941 69.545096999999998388 69.130225999999993292 68.657737999999994827 68.042000000000001592 68.042000000000001592 68.029999000000003662 68.040999999999996817 68.040999999999996817 68.040999999999996817 68.040999999999996817 68.040999999999996817 68.029999000000003662 68.029999000000003662 68.04299899999999468 68.04299899999999468 68.04299899999999468 68.04299899999999468 68.04299899999999468 68.04299899999999468 68.04299899999999468 68.04299899999999468 68.04299899999999468 68.04299899999999468 68.042000000000001592 68.042000000000001592 68.042000000000001592 68.028998999999998887 68.028998999999998887 68.028998999999998887 68.028998999999998887 68.028998999999998887 68.028998999999998887 68.028998999999998887 68.028998999999998887 68.028998999999998887 68.028998999999998887 68.028998999999998887
74.084357999999994604 69.861419999999995412 69.32831600000000094 69.284767000000002213 69.248016000000006898 69.133872999999994136 68.042000000000001592 68.042000000000001592 68.040999999999996817 68.040999999999996817 68.040999999999996817 68.040999999999996817 68.040999999999996817 68.040999999999996817 68.029999000000003662 68.029999000000003662 68.04299899999999468 68.04299899999999468 68.04299899999999468 68.04299899999999468 68.04299899999999468 68.04299899999999468 68.04299899999999468 68.04299899999999468 68.04299899999999468 68.04299899999999468 68.042000000000001592 68.040999999999996817 68.040999999999996817 68.040999999999996817 68.040999999999996817 68.040999999999996817 68.028998999999998887 68.028998999999998887 68.028998999999998887 68.028998999999998887 68.028998999999998887 68.028998999999998887 68.028998999999998887 68.028998999999998887
74.634131999999993923 73.923607000000004064 69.954300000000003479 68.837502000000000635 68.786957000000001017 69.074600000000003774 68.709220999999999435 68.042000000000001592 68.040999999999996817 68.040999999999996817 68.040999999999996817 68.040999999999996817 68.040999999999996817 68.040999999999996817 68.029999000000003662 68.04299899999999468 68.04299899999999468 68.04299899999999468 68.04299899999999468 68.04299899999999468 68.04299899999999468 68.04299899999999468 68.04299899999999468 68.04299899999999468 68.04299899999999468 68.042000000000001592 68.040999999999996817 68.040999999999996817 68.040999999999996817 68.040999999999996817 68.040999999999996817 68.040999999999996817 68.040999999999996817 68.040999999999996817 68.040999999999996817 68.040999999999996817 68.028998999999998887 68.028998999999998887 68.028998999999998887 68.028998999999998887
74.902313000000006582 75.36637100000000089 74.782386999999999944 70.665656999999995946 68.577583000000004176 69.235770999999999731 68.745720000000005712 68.040999999999996817 68.040999999999996817 68.040999999999996817 68.040999999999996817 68.029999000000003662 68.029999000000003662 68.029999000000003662 68.029999000000003662 68.04299899999999468 68.04299899999999468 68.042000000000001592 68.042000000000001592 68.042000000000001592 68.042000000000001592 68.042000000000001592 68.042000000000001592 68.042000000000001592 68.042000000000001592 68.042000000000001592 68.040999999999996817 68.040999999999996817 68.040999999999996817 68.040999999999996817 68.040999999999996817 68.040999999999996817 68.040999999999996817 68.040999999999996817 68.040999999999996817 68.040999999999996817 68.040999999999996817 68.040999999999996817 68.040999999999996817 68.040999999999996817
74.689826999999993973 75.317070000000001073 74.748863000000000056 72.770438999999996099 70.425895999999994501 68.787604999999999222 68.55826600000000326 68.040001000000003728 68.040001000000003728 68.040001000000003728 68.040001000000003728 68.029999000000003662 68.029999000000003662 68.029999000000003662 68.029999000000003662 68.042000000000001592 68.042000000000001592 68.042000000000001592 68.042000000000001592 68.042000000000001592 68.042000000000001592 68.042000000000001592 68.042000000000001592 68.042000000000001592 68.042000000000001592 68.042000000000001592 68.040999999999996817 68.040999999999996817 68.040999999999996817 68.040999999999996817 68.040999999999996817 68.040999999999996817 68.040999999999996817 68.040999999999996817 68.040001000000003728 68.040001000000003728 68.040001000000003728 68.040001000000003728 68.040001000000003728 68.040001000000003728
74.570701999999997156 74.619063999999994508 74.808646999999993454 74.595626999999993245 70.177443999999994162 68.701424000000002934 68.040001000000003728 68.040001000000003728 68.040001000000003728 68.040001000000003728 68.040001000000003728 68.040001000000003728 68.040999999999996817 68.040999999999996817 68.040999999999996817 68.042000000000001592 68.042000000000001592 68.042000000000001592 68.042000000000001592 68.042000000000001592 68.042000000000001592 68.042000000000001592 68.042000000000001592 68.042000000000001592 68.042000000000001592 68.042000000000001592 68.040001000000003728 68.040001000000003728 68.040001000000003728 68.040001000000003728 68.040001000000003728 68.040001000000003728 68.040001000000003728 68.040001000000003728 68.040001000000003728 68.040001000000003728 68.040001000000003728 68.040001000000003728 68.040001000000003728 68.040001000000003728
74.433707999999995764 74.367935000000002788 74.608276000000003592 75.180617999999995504 72.195189999999996644 68.040001000000003728 68.040001000000003728 68.040001000000003728 68.040001000000003728 68.040001000000003728 68.040001000000003728 68.040999999999996817 68.040999999999996817 68.040999999999996817 68.040999999999996817 68.042000000000001592 68.042000000000001592 68.042000000000001592 68.042000000000001592 68.042000000000001592 68.042000000000001592 68.042000000000001592 68.042000000000001592 68.042000000000001592 68.040999999999996817 68.042000000000001592 68.040001000000003728 68.040001000000003728 68.040001000000003728 68.040001000000003728 68.040001000000003728 68.040001000000003728 68.040001000000003728 68.040001000000003728 68.040001000000003728 68.040001000000003728 68.040001000000003728 68.040001000000003728 68.040001000000003728 68.040001000000003728
74.08589200000000119 73.81179000000000201 74.371360999999993169 72.20503999999999678 68.040001000000003728 68.040001000000003728 68.040001000000003728 68.040001000000003728 68.040001000000003728 68.040001000000003728 68.040001000000003728 68.040001000000003728 68.040999999999996817 68.040001000000003728 68.040001000000003728 68.042000000000001592 68.042000000000001592 68.042000000000001592 68.042000000000001592 68.040999999999996817 68.040999999999996817 68.040999999999996817 68.040999999999996817 68.040999999999996817 68.040999999999996817 68.040999999999996817 68.040587999999999624 68.040001000000003728 68.040001000000003728 68.040001000000003728 68.040001000000003728 68.040001000000003728 68.040001000000003728 68.040001000000003728 68.040001000000003728 68.040001000000003728 68.040001000000003728 68.040001000000003728 68.040001000000003728 68.040001000000003728
73.75448599999999999 73.764190999999996734 74.12902800000000525 71.675514000000006831 68.039000999999998953 68.039000999999998953 68.039000999999998953 68.039000999999998953 68.039000999999998953 68.040001000000003728 68.040001000000003728 68.040001000000003728 68.040001000000003728 68.040001000000003728 68.040001000000003728 68.040999999999996817 68.040999999999996817 68.040999999999996817 68.083365999999998053 68.040999999999996817 68.593772999999998774 68.942497000000003027 69.141868999999999801 68.441772000000000276 68.272728000000000748 68.711997999999994136 69.034820999999993774 68.194023000000001389 68.468261999999995737 68.198288000000005127 68.2678680000000071 68.316895000000002369 68.394958000000002585 68.349875999999994747 68.267159000000006586 68.040001000000003728 68.039000999999998953 68.039000999999998953 68.039000999999998953 68.039000999999998953
74.489959999999996398 74.187256000000004974 73.955246000000002482 68.039000999999998953 68.039000999999998953 68.039000999999998953 68.039000999999998953 68.039000999999998953 68.039000999999998953 68.040001000000003728 68.040001000000003728 68.040001000000003728 68.040001000000003728 68.040001000000003728 68.040001000000003728 68.040999999999996817 68.040999999999996817 69.065926000000004592 69.875183000000006928 68.529251000000002136 73.215012000000001535 71.930404999999993265 71.910354999999995584 71.506065000000006648 71.714423999999993953 73.42281300000000499 71.456772000000000844 72.079528999999993744 72.028557000000006383 71.29858400000000529 70.695769999999996003 69.050826999999998179 69.382926999999995132 69.398903000000004226 68.412987000000001103 68.351569999999995275 68.176079000000001429 68.31388099999999497 68.498215000000001851 68.785636999999994146
75.017653999999993175 73.630684000000002243 68.222571999999999548 68.039000999999998953 68.039000999999998953 68.039000999999998953 68.039000999999998953 68.039000999999998953 68.039000999999998953 68.040001000000003728 68.040001000000003728 68.040001000000003728 68.040001000000003728 68.040001000000003728 68.341712999999998601 69.379440000000002442 70.69785299999999495 75.630508000000006064 73.99591800000000319 74.678039999999995757 74.640022000000001867 74.669715999999993983 74.94812000000000296 72.683830000000000382 73.327140999999997462 74.801948999999993362 75.661720000000002528 76.199280000000001678 73.812263000000001512 72.382996000000005665 72.791617999999999711 73.413284000000004426 74.13165300000000002 71.116669000000001688 70.226798999999999751 70.350075000000003911 71.306122000000002004 72.156433000000006928 72.782471000000001027 70.834961000000006948
74.897223999999994248 70.314010999999993601 68.039000999999998953 68.039000999999998953 68.039000999999998953 68.039000999999998953 68.039000999999998953 68.039000999999998953 68.039000999999998953 68.040001000000003728 68.040001000000003728 68.040001000000003728 68.151672000000004914 69.167229000000006067 74.243651999999997315 71.364036999999996169 76.662368999999998209 76.2681350000000009 76.22726400000000524 76.238617000000004964 75.462165999999996302 76.195044999999993252 76.524658000000002289 76.837151000000005752 78.905945000000002665 77.246398999999996704 77.441436999999993418 77.440360999999995784 77.567795000000003824 78.522728000000000748 76.372542999999993185 77.768531999999993332 78.464920000000006439 78.630020000000001801 78.50743900000000508 74.866874999999993179 75.710669999999993252 75.775756999999998698 75.542884999999998286 75.617278999999996358
73.132323999999997 68.038002000000005864 68.039000999999998953 68.039000999999998953 68.039000999999998953 68.039000999999998953 68.039000999999998953 68.039000999999998953 68.039000999999998953 68.039000999999998953 68.174553000000003067 68.796722000000002595 69.331283999999996581 74.486198000000001684 76.09744999999999493 76.997001999999994837 77.144301999999996156 76.863792000000003668 77.045524999999997817 77.090225000000003774 77.086280999999999608 76.663612000000000535 76.980530000000001678 78.354240000000004329 79.124199000000004389 78.352760000000003515 76.854186999999996033 77.615256999999999721 78.289771999999999252 78.766022000000006642 79.544524999999993042 82.035690000000002442 82.21359300000000303 81.371116999999998143 80.833327999999994518 80.216324000000000183 79.218468000000001439 78.176940999999999349 77.228095999999993637 77.19718199999999797
68.058516999999994823 68.038002000000005864 68.038002000000005864 68.038002000000005864 68.038002000000005864 68.038002000000005864 68.038002000000005864 68.039000999999998953 68.039000999999998953 68.058777000000006296 69.663651000000001545 71.10065500000000327 73.506393000000002758 75.679023999999998296 76.180199000000001774 77.154510000000001924 77.288619999999994548 77.563857999999996196 78.15082599999999502 77.744445999999996388 77.190040999999993687 76.764717000000004532 76.423569000000000528 77.491341000000005579 78.468352999999993358 76.820221000000003642 76.314773999999999887 76.317588999999998123 77.331519999999997594 78.499701999999999202 80.322731000000004542 81.66704599999999914 82.48075099999999793 82.152022999999999797 81.45174400000000503 80.056792999999998983 79.365729999999999222 78.726958999999993694 78.200226000000000681 78.021309000000002243
68.038002000000005864 68.038002000000005864 68.038002000000005864 68.038002000000005864 68.038002000000005864 68.038002000000005864 68.038002000000005864 68.053391000000004851 68.278152000000005728 68.039000999999998953 71.930687000000006037 72.950050000000004502 75.269538999999994644 76.18914800000000298 76.828963999999999146 77.62560999999999467 77.553321999999994318 78.178214999999994461 78.367316999999999894 78.452399999999997249 78.231543999999999528 77.176353000000005977 76.885779999999996903 77.555794000000005894 78.09323100000000295 77.035713000000001216 76.187079999999994584 76.464836000000005356 77.026122999999998342 77.854523000000000366 79.859116000000000213 81.241737000000000535 82.273605000000003429 81.94605300000000625 81.389610000000004675 79.923034999999998718 79.384185999999999694 78.27979299999999796 78.18518100000000004 78.274315000000001419
68.038002000000005864 68.038002000000005864 68.038002000000005864 68.038002000000005864 68.038002000000005864 68.038002000000005864 68.038002000000005864 68.580605000000005589 68.22601299999999469 71.214950999999999226 72.370238999999997986 73.348686000000000718 75.699257000000002904 76.536574999999999136 77.764893000000000711 78.229797000000004914 78.620215999999999212 78.803107999999994604 78.524437000000006037 78.954109000000002538 79.106300000000004502 79.011870999999999299 78.880447000000003754 78.071770000000000778 78.050979999999995584 77.495009999999993511 77.01405300000000409 76.71781199999999501 76.793823000000003276 78.477356000000000336 79.773262000000002558 80.994270000000000209 81.959282000000001744 81.607346000000006825 80.270103000000005977 79.4987339999999989 78.781341999999995096 77.813750999999996338 77.942535000000006562 78.336394999999996003
68.038002000000005864 68.038002000000005864 68.038002000000005864 68.038002000000005864 68.038002000000005864 68.038002000000005864 68.038002000000005864 68.132523000000006164 71.926085999999997966 72.882332000000005223 72.829314999999994029 74.611450000000004934 75.671570000000002665 76.63370500000000618 78.410674999999997681 78.9997330000000062 79.21935999999999467 79.042525999999995179 78.689544999999995412 79.011298999999993953 79.625427000000001954 79.54758499999999799 79.454323000000002253 79.183227999999999724 78.579323000000002253 77.94119999999999493 77.348595000000003097 77.278853999999995494 77.540779000000000565 79.621605000000002406 79.939896000000004506 81.987862000000006901 81.913994000000002416 81.231064000000003489 79.826935000000005971 79.149512999999998897 78.009108999999995149 77.73034699999999475 77.692856000000006134 77.995986999999999512
