Example cities/Belgrad/DEM.asc
ncols        86
nrows        83
xllcorner    2275768.681820620783
yllcorner    5591255.022428711876
cellsize     50.000000000000
[rows 18 to 35 of 83, columns 0 to 39 of 86]
68.037002999999998565 68.037002999999998565 68.038002000000005864 68.038002000000005864 68.038002000000005864 68.038002000000005864 68.674164000000004648 70.42463700000000415 72.377326999999993973 73.48886099999999999 74.001807999999996923 74.83272599999999386 75.503829999999993561 77.056411999999994578 78.032234000000002538 78.9846419999999938 79.318504000000004339 79.136909000000002834 78.372810000000001196 78.644958000000002585 79.182090999999999781 79.709784999999996558 79.72582199999999375 79.179855000000003429 78.967583000000004745 79.000564999999994598 78.562599000000005844 77.907784000000006586 79.219871999999995182 80.678032000000001744 81.656356999999999857 82.675017999999994345 82.05860900000000413 80.684578000000001907 79.845375000000004206 78.982262000000005742 78.179221999999995774 77.860031000000006429 78.073302999999995677 78.310471000000006825
68.037002999999998565 68.037002999999998565 68.037002999999998565 68.037002999999998565 68.038002000000005864 68.047943000000003622 69.892989999999997508 72.842560000000005971 73.891159000000001811 74.002373000000005732 74.471419999999994843 75.150542999999998983 75.493522999999996159 76.306670999999994365 77.482246000000003505 79.042839000000000738 79.2414320000000032 79.161490999999998053 78.183632000000002904 78.248558000000002721 79.12421399999999494 79.62070500000000095 80.100014000000001602 80.783271999999996638 79.625731999999999289 79.469138999999998418 78.967819000000005758 78.658630000000002269 79.536338999999998123 80.867988999999994348 82.958388999999996827 83.123901000000003592 82.746077999999997132 81.195296999999996501 80.012932000000006383 78.531447999999997478 78.360511999999999944 78.345695000000006303 78.845580999999995697 78.78527800000000525
68.037002999999998565 68.037002999999998565 68.037002999999998565 68.037002999999998565 68.038002000000005864 71.935698999999999614 73.118149000000002502 73.277184000000005426 74.410881000000003382 74.819541999999998438 75.644713999999993348 75.531188999999997691 75.761559000000005426 76.340102999999999156 77.097908000000003881 78.561667999999997392 79.168007000000002904 78.877425999999999817 78.225632000000004496 78.084671000000000163 79.052193000000002598 79.658905000000004293 81.577270999999996093 82.31907699999999295 82.4090269999999947 80.578902999999996837 79.424689999999998236 79.65419799999999384 80.578461000000004333 82.27003499999999292 83.79608899999999494 83.37525200000000325 82.274703999999999837 81.533691000000004578 80.83832599999999502 79.607635000000001924 78.614502000000001658 78.637611000000006811 78.989295999999995956 79.349991000000002828
68.037002999999998565 68.037002999999998565 68.037002999999998565 68.037002999999998565 68.038002000000005864 72.66278800000000615 73.81320999999999799 75.444678999999993607 74.955200000000004934 75.130881999999999721 75.966721000000006825 76.46221199999999385 76.820228999999997654 76.612114000000005376 77.165328999999999837 78.181235999999998398 78.65151199999999676 78.415290999999996302 78.078605999999993514 78.229011999999997329 79.272651999999993677 80.770927000000000362 83.766532999999995468 83.690430000000006316 82.840652000000005728 81.448188999999999282 80.585327000000006592 81.545921000000006984 81.724029999999999063 83.744681999999997402 83.614670000000003824 83.209327999999999292 82.398178000000001475 81.822593999999995162 80.794257999999999242 80.231583000000000538 79.667289999999994166 78.702217000000004532 78.970687999999995554 79.964522999999999797
68.037002999999998565 68.037002999999998565 68.037002999999998565 68.037002999999998565 68.906761000000003037 73.62559500000000412 74.184334000000006881 76.292609999999996262 76.478904999999997472 76.24517099999999914 76.273528999999996358 76.85066999999999382 77.209693999999998937 77.256675999999998794 77.611564999999998804 77.940665999999993119 78.414223000000006891 78.702286000000000854 78.62204699999999491 80.219048000000000798 79.849761999999998352 81.589400999999995179 84.813972000000006801 85.298614999999998076 84.420158000000000698 82.183311000000003332 81.16825099999999793 81.991112000000001103 82.830757000000005519 83.731239000000002193 83.534828000000004522 82.87413800000000208 82.682991000000001236 82.517059000000003266 81.697281000000003814 80.711196999999998525 79.32121999999999673 78.833777999999995245 78.9387660000000011 80.424987999999999033
68.03600299999999379 68.03600299999999379 68.03600299999999379 68.037002999999998565 72.215194999999994252 74.499626000000006343 76.517570000000006303 76.914351999999993836 77.308646999999993454 76.878844999999998322 76.97528800000000615 77.349936999999997056 77.272057000000003768 77.256111000000004196 77.78851299999999469 78.857544000000004303 81.866439999999997212 80.199959000000006881 81.109786999999997192 83.433563000000006582 84.588272000000003459 87.306824000000005981 86.137878000000000611 86.237082999999998378 85.161308000000005336 83.804085000000000605 82.64716300000000615 82.469368000000002894 83.619193999999993139 83.819655999999994833 83.717986999999993714 84.022819999999995844 83.269424000000000774 82.616112000000001103 82.010292000000006851 81.352424999999996658 79.821799999999996089 78.991225999999997498 79.904724000000001638 80.620582999999996332
68.03600299999999379 68.03600299999999379 68.03600299999999379 68.78416400000000408 71.445922999999993408 74.299003999999996495 77.11057999999999879 78.160408000000003881 78.184569999999993684 77.499695000000002665 77.467727999999993926 77.402489000000002761 77.264931000000004246 78.712090000000003442 78.447174000000003957 80.532882999999998219 85.221947000000000116 87.115791000000001532 89.827759000000000356 87.202765999999996893 88.435349000000002206 89.574950999999998658 89.570885000000004084 88.155769000000006486 85.933341999999996119 84.749756000000004974 83.870482999999993012 84.165099999999995362 84.528792999999993185 84.184653999999994767 84.005302000000000362 84.57061000000000206 84.697204999999996744 84.185805999999999472 82.533782999999999674 80.815017999999994913 80.140738999999996395 79.940285000000002924 81.33721199999999385 80.999076999999999771
68.03600299999999379 68.03600299999999379 68.03600299999999379 68.562325000000001296 70.178687999999993963 75.660399999999995657 77.467231999999995651 78.258544999999998026 78.43809500000000412 78.491264000000001033 78.430862000000004741 77.934685000000001764 78.173820000000006303 81.619736000000003173 84.794594000000003575 92.166656000000003246 89.344200000000000728 91.616844000000000392 94.117821000000006393 94.634331000000003087 95.217315999999996734 92.132369999999994548 92.093552000000002522 89.845839999999995484 88.126830999999995697 86.694191000000003555 85.500373999999993657 85.29067999999999472 85.335723999999999023 85.699370999999999299 85.222358999999997309 84.906661999999997192 85.93795799999999474 85.817611999999996897 85.327736000000001582 83.085280999999994833 81.211822999999995432 81.83953099999999381 82.455085999999994328 82.878035999999994488
68.03600299999999379 68.03600299999999379 68.03600299999999379 68.288330000000001974 69.331467000000003509 74.204246999999995182 76.12776200000000415 78.174071999999995342 78.655899000000005117 78.702820000000002665 78.66996000000000322 79.125511000000003037 84.569618000000005509 84.929871000000005665 88.817863000000002671 97.873565999999996734 101.04270900000000211 103.12772400000000061 98.74148599999999476 98.206856000000001927 97.956435999999996511 97.965301999999994109 95.960341999999997142 91.760627999999996973 89.780838000000002808 87.656531999999998561 87.792869999999993524 87.450751999999994268 86.505936000000005492 86.995627999999996405 86.458534000000000219 86.669623999999998887 88.181472999999996887 87.68341800000000319 85.921974000000005844 84.689628999999996495 84.790558000000004313 85.358192000000002508 83.924582999999998378 84.169860999999997375
68.03600299999999379 68.03600299999999379 68.03600299999999379 68.03600299999999379 68.157073999999994385 71.291229000000001292 73.875725000000002751 77.51027700000000209 78.218643000000000143 78.008872999999994136 78.748726000000004888 79.986144999999993388 87.919219999999995707 93.152977000000007024 105.17555199999999616 103.95269000000000403 107.3024599999999964 108.17684900000000425 107.04928599999999506 103.23119400000000212 100.03618600000000072 99.953331000000005702 97.947693000000001007 96.413726999999994405 91.211112999999997442 88.355911000000006084 88.551743000000001871 88.636100999999996475 89.153525999999999385 90.127548000000004436 87.745650999999995179 87.740097000000005778 88.679839999999998668 88.931640999999999053 88.164848000000006323 86.034889000000006831 86.659897000000000844 86.515045000000000641 86.219054999999997335 85.989097999999998478
68.035004000000000701 68.035004000000000701 68.03600299999999379 68.03600299999999379 68.133842000000001349 68.028343000000006668 71.990844999999993092 76.37791400000000408 77.380058000000005336 78.278709000000006313 81.109740999999999644 90.036834999999996398 91.599770000000006576 97.655876000000006343 110.71340899999999863 115.65422100000000682 118.79231299999999294 112.92721600000000137 110.54099300000000028 105.06589499999999759 102.95411699999999655 101.21583599999999592 99.359443999999996322 98.117851000000001704 92.960526000000001545 89.430098999999998455 89.586066999999999894 89.729270999999997116 90.499549999999999272 91.607780000000005316 91.042075999999994451 90.66085099999999386 89.404610000000005243 89.238540999999997894 88.178627000000005864 86.742026999999993109 87.411124999999998408 87.240691999999995687 86.78916900000000112 86.437438999999997691
68.034194999999996867 68.034194999999996867 68.034194999999996867 68.03600299999999379 68.064293000000006373 68.03600299999999379 69.51180999999999699 73.992332000000004655 77.48654200000000003 79.330703999999997222 83.837203999999999837 94.46564499999999498 100.36550900000000297 112.76403000000000532 115.4162900000000036 119.99324799999999414 122.17981000000000336 119.98508499999999799 113.08666200000000401 107.18217500000000086 104.82387500000000102 102.47494500000000528 101.81585699999999406 98.524260999999995647 94.214325000000002319 90.194580000000001974 89.560569999999998458 91.498817000000002508 93.648612999999997442 92.867744000000001847 92.559607999999997219 91.857108999999994126 91.389694000000005758 90.473572000000004323 88.259444999999999482 86.906197000000005914 87.330093000000005077 87.742217999999994049 87.517653999999993175 86.716804999999993697
68.033882000000005519 68.033996999999999389 68.033996999999999389 68.035004000000000701 68.064171000000001754 68.035324000000002798 68.417038000000005127 72.216042000000001622 79.175224000000000046 85.384879999999995448 98.012023999999996704 99.0410839999999979 104.61124399999999923 115.85780300000000409 120.80522899999999709 124.64064000000000476 124.38500999999999408 120.9660339999999934 115.74266099999999824 112.90541100000000085 107.72349499999999978 103.88233900000000176 102.90793600000000652 100.24274400000000185 97.258621000000005097 92.394073000000005891 90.979957999999996332 92.901222000000004186 94.859825000000000728 95.037109000000000947 94.816329999999993561 93.303832999999997355 92.971642000000002781 92.246384000000006154 90.241164999999995189 87.337868000000000279 87.149612000000004741 87.978470000000001505 87.638480999999998744 86.856926000000001409
68.033767999999994913 68.033767999999994913 68.033767999999994913 68.035004000000000701 68.061027999999993199 68.047447000000005346 68.03755999999999915 75.726273000000006164 81.731949000000000183 89.382874000000001047 102.18369300000000521 107.1561580000000049 115.82069400000000314 117.85025000000000261 121.70664200000000221 123.2290569999999974 121.40280199999999411 119.45414700000000607 116.70533000000000357 114.53964200000000062 110.16056799999999782 107.98752600000000257 103.90854600000000119 101.82774399999999559 99.509795999999994365 95.943068999999994162 96.39331099999999708 96.939194000000000528 96.041152999999994222 95.90557900000000302 96.115416999999993664 96.568152999999995245 97.810569999999998458 94.718681000000003678 92.2873079999999959 87.526550000000000296 86.652091999999996119 87.796822000000005914 87.279228000000003362 86.397514000000001033
68.033653000000001043 68.033653000000001043 68.033653000000001043 68.033653000000001043 68.035004000000000701 68.069564999999997212 68.066406000000000631 78.041252000000000066 88.404228000000003362 103.68255600000000527 106.04901900000000126 110.20455900000000327 117.5960850000000022 120.00175500000000284 121.70123300000000199 121.49937400000000309 120.80995900000000631 119.90982099999999377 118.08182499999999493 114.37141400000000147 112.15137500000000159 109.68910999999999945 104.99530799999999431 103.37543499999999597 99.629784000000000788 97.769005000000007044 97.87783799999999701 97.306586999999993282 96.792854000000005499 96.86723299999999881 97.110152999999996837 98.116828999999995631 99.845955000000003565 98.85101299999999469 91.189109999999999445 87.516991000000004419 86.698348999999993225 86.979705999999993082 85.26528199999999913 84.473511000000002014
68.033195000000006303 68.033195000000006303 68.033310000000000173 68.033310000000000173 68.063025999999993587 68.429717999999994049 69.14702599999999677 80.154189999999999827 90.552520999999998708 105.94000200000000689 110.42649099999999862 116.48974599999999668 118.61963699999999733 120.499968999999993 121.36112199999999461 121.32394399999999735 120.94870000000000232 120.36008499999999799 118.64521000000000583 114.09621400000000335 113.67548399999999731 111.11437999999999704 106.67720799999999315 104.48946399999999812 100.5847090000000037 99.160178999999999405 98.293807999999998515 97.238792000000003668 96.636307000000002176 97.408028000000001612 98.935248999999998887 102.05823499999999626 100.76609000000000549 99.89967300000000705 92.367019999999996571 89.200873999999998887 87.999786000000000286 86.453995000000006144 84.801544000000006918 84.419524999999993042
68.021004000000004908 68.021004000000004908 68.021004000000004908 68.021004000000004908 68.035010999999997239 68.495025999999995747 73.62137599999999793 81.224243000000001302 91.062415999999998917 106.53988599999999565 110.59819799999999645 115.81121799999999666 118.43009899999999845 120.88760399999999606 121.13379700000000128 121.0621799999999979 120.10349999999999682 119.13485000000000014 114.22576100000000565 113.43286899999999662 113.39617200000000707 113.11103799999999353 111.73873899999999537 108.30625899999999717 103.01764699999999664 101.59548200000000406 99.902321000000000595 99.039992999999995504 99.46063999999999794 98.383606000000000336 99.746360999999993169 103.37869999999999493 104.01857800000000509 100.55503099999999961 94.590369999999992956 91.846656999999993332 89.984650000000002024 88.70423900000000117 85.843269000000006486 84.91600800000000504
68.019997000000003595 68.019997000000003595 68.019997000000003595 68.019997000000003595 68.019997000000003595 68.019997000000003595 73.916839999999993438 80.026886000000004628 95.884772999999995591 100.86487599999999532 104.88429999999999609 114.07696500000000128 116.98230700000000581 121.40886700000000076 120.76936299999999846 119.12238299999999924 118.58136700000000019 117.41249100000000283 113.2699659999999966 112.52127799999999525 113.77723699999999951 114.27491000000000554 114.08583799999999542 112.51165000000000305 111.46814000000000533 109.5806350000000009 103.94431299999999396 102.73188000000000386 102.39813999999999794 102.48545799999999417 103.64433300000000315 104.41759500000000571 105.80231499999999301 103.03837599999999952 99.971694999999996867 96.785972999999998478 92.775879000000003316 91.348686000000000718 88.000870000000006144 87.38871000000000322
