Example cities/Belgrad/DEM.asc
ncols        86
nrows        83
xllcorner    2275768.681820620783
yllcorner    5591255.022428711876
cellsize     50.000000000000
[rows 36 to 53 of 83, columns 40 to 79 of 86]
92.111671000000001186 89.064835000000002196 84.449462999999994395 83.384056000000001063 83.096457999999998378 82.64106800000000419 82.56896199999999908 82.884979000000001292 82.315169999999994843 82.263390000000001123 82.165435999999999694 82.122208000000000538 81.64616399999999885 80.253944000000004166 80.036170999999995956 80.260506000000006566 80.891968000000005645 82.769035000000002356 81.358947999999998046 81.50045799999999474 81.310623000000006755 80.795471000000006256 79.760520999999997116 78.881943000000006805 79.311645999999996093 79.044089999999997076 78.116530999999994833 77.513267999999996505 77.230225000000004343 78.430297999999993408 79.073616000000001236 79.397766000000004283 79.564957000000006815 80.37956200000000706 81.489281000000005406 81.128769000000005462 80.409592000000003509 79.595634000000003994 79.576897000000002436 78.743178999999997814
94.027641000000002691 89.368622000000002004 85.466369999999997731 85.220612000000002695 85.3195570000000032 83.600571000000002186 83.636275999999995179 84.12795300000000509 84.163818000000006236 84.649994000000006622 83.313164000000000442 83.33406800000000203 82.892593000000005077 82.323380000000000223 82.181419000000005326 81.410774000000003525 82.430214000000006536 84.830414000000004648 85.412002999999998565 84.938141000000001668 82.869110000000006266 82.139037999999999329 80.567986000000004765 79.822899000000006708 79.719948000000002253 79.229202000000000794 77.891311999999999216 77.85772699999999702 78.061820999999994797 78.962967000000006124 79.169853000000003362 79.422996999999995182 79.478476999999998043 79.793677999999999884 80.228149000000001934 80.342376999999999043 79.562827999999996109 79.039467000000001917 78.487862000000006901 77.853736999999995305
95.375716999999994528 89.633621000000005097 86.746657999999996491 86.916861999999994737 87.441620000000000346 87.601257000000003927 87.426734999999993647 85.646179000000003612 85.592215999999993414 85.782439999999994029 85.856339000000005512 85.171135000000006698 84.037468000000004054 83.50060999999999467 83.49888599999999883 84.739058999999997468 87.722106999999994059 86.618988000000001648 86.810028000000002635 85.966217000000000326 85.151206999999999425 82.834648000000001389 81.249763000000001512 80.302704000000005635 79.949111999999999512 80.125754999999998063 78.642707999999998947 78.197265999999999053 79.141647000000006074 79.522636000000005652 79.735596000000001027 79.430710000000004811 79.414535999999998239 79.627799999999993474 79.655547999999996023 79.320053000000001475 78.083602999999996541 78.33103900000000408 77.802338000000005991 77.678298999999995544
96.615973999999994248 92.237769999999997594 91.52668799999999294 92.278969000000003575 89.965941999999998302 89.762259999999997717 88.85211200000000531 88.309569999999993684 87.183150999999995179 86.550422999999995 86.509940999999997757 85.607337999999998601 84.799210000000002196 84.262985000000000468 84.550323000000005891 86.360100000000002751 89.179832000000004655 88.997765000000001123 87.280144000000007054 86.319953999999995631 85.495682000000002176 83.374167999999997392 82.627387999999996282 81.214789999999993597 80.29626500000000533 80.574782999999996491 79.497687999999996578 79.44844799999999907 80.995345999999997844 80.1690980000000053 79.878653999999997382 79.529053000000004658 79.204871999999994614 79.100982999999999379 79.281807000000000585 78.154312000000004446 77.635773000000000366 77.663925000000006094 78.279662999999999329 77.833527000000003682
97.585273999999998296 94.633301000000003 94.479111000000003173 95.088866999999993368 94.181786000000002446 90.664940000000001419 89.394019999999997594 89.011054999999998927 87.752257999999997651 87.701103000000003362 87.898369000000002416 86.296172999999996023 85.337531999999995946 84.973770000000001801 86.311165000000002578 89.135093999999995162 89.63351400000000524 89.070151999999993109 87.421576999999999202 86.766982999999996196 85.304771000000002346 84.05730400000000202 83.462738000000001648 82.43585199999999702 82.06541400000000408 82.742050000000006094 81.257155999999994833 81.159369999999995571 81.846480999999997152 81.334602000000003841 80.90599799999999675 79.854095000000000937 78.970337000000000671 79.059021000000001322 79.259940999999997757 78.626343000000005645 77.704955999999995697 78.487617000000000189 78.753158999999996581 78.637810000000001764
100.66954800000000603 99.506446999999994318 100.71009100000000558 97.825408999999993398 95.75283799999999701 91.783653000000001043 90.512092999999993026 89.015251000000006343 88.43492899999999679 88.576012000000005742 89.003333999999995285 88.796509000000000356 87.375777999999996837 86.109748999999993657 86.969588999999999146 88.679992999999996073 88.47364000000000317 88.030158999999997604 87.503501999999997452 86.851905999999999608 85.544921999999999684 85.117973000000006323 85.003883000000001857 83.754767999999998551 83.611534000000006017 84.480170999999998571 84.988510000000005107 84.30611399999999378 82.532752999999999588 82.031623999999993657 82.078704999999999359 82.292518999999998641 81.03548399999999674 79.470543000000006373 79.792297000000004914 79.522957000000005223 79.052871999999993591 79.482094000000003575 79.146690000000006648 78.710280999999994833
103.77663400000000138 102.00813300000000083 102.50916300000000092 102.23913600000000201 95.577156000000002223 92.636688000000006582 91.171295000000000641 89.635688999999999282 89.937591999999995096 90.947128000000006409 90.003203999999996654 89.799858000000000402 88.437179999999997904 87.98834200000000294 87.933661999999998216 88.255759999999995102 88.235129999999998063 87.86397599999999386 87.307533000000006496 85.939850000000006958 85.670410000000003947 85.518737999999999033 85.835776999999993109 86.001136999999999944 86.179000999999999522 85.782523999999995112 86.236221000000000458 86.303321999999994318 85.391846000000001027 85.17867999999999995 83.693008000000006064 83.909653000000005818 82.02933500000000322 81.346892999999994345 81.285911999999996169 80.455849000000000615 80.22824099999999703 80.214232999999993012 80.044571000000004801 79.712333999999998468
108.35176099999999622 105.2835850000000022 104.11033600000000376 103.57939899999999511 96.207938999999996099 93.642669999999995412 91.563300999999995611 90.611389000000002625 91.166968999999994594 91.827231999999995082 91.819603000000000748 90.263626000000002136 88.827950000000001296 88.22495999999999583 88.087601000000006479 88.337310999999999694 88.328270000000003392 87.831726000000003296 87.435355999999998744 86.601387000000002558 86.700057999999998515 86.993110999999998967 86.459502999999997996 86.63337699999999586 86.459946000000002186 86.360611000000005788 86.812836000000004333 87.019913000000002512 86.783019999999993388 86.808937000000000239 87.068702999999999292 86.097137000000003582 83.014030000000005316 82.216285999999996648 81.918571000000000026 81.753555000000005748 82.082672000000002299 81.128532000000006974 81.007378000000002771 80.926331000000004678
109.77259100000000558 106.51062799999999697 105.68517300000000603 100.91986799999999391 96.431786000000002446 94.289253000000002203 93.210785000000001332 94.457237000000006333 94.237114000000005376 92.58406800000000203 92.363922000000002299 90.809325999999998658 89.384108999999995149 88.219787999999994099 88.262778999999994767 88.621360999999993169 88.771805000000000518 88.5597230000000053 88.633979999999993993 87.720352000000005432 87.797004999999998631 87.824081000000006725 87.400940000000005625 86.179198999999997 86.372269000000002848 86.225516999999996415 86.33882099999999582 86.424025999999997794 86.93817099999999698 87.549949999999995498 88.309708000000000538 87.735625999999996338 86.106857000000005087 83.933516999999994823 82.665283000000002289 82.502998000000005163 82.990593000000004054 83.148560000000003356 83.350127999999997996 82.440299999999993474
112.85466800000000376 107.9815980000000053 106.80676300000000367 103.05761699999999337 100.59388699999999517 98.802788000000006718 96.116157999999998651 97.079384000000004562 95.688202000000003977 94.617103999999997654 93.136322000000006938 91.293930000000003133 89.792220999999997844 88.12440499999999588 88.079384000000004562 88.904456999999993627 89.096130000000002269 88.992393000000006964 89.494560000000006994 89.794921999999999684 89.771857999999994604 88.795586000000000126 88.033562000000003422 85.676040999999997894 85.426254000000000133 85.580703999999997222 85.67871900000000096 85.652489000000002761 86.937224999999997976 88.688934000000003266 90.990104999999999791 89.040779000000000565 87.572220000000001505 85.230773999999996704 84.318511999999998352 84.310783000000000698 83.728026999999997315 84.067351999999999634 84.70761099999999999 85.387825000000006526
112.14985699999999724 110.47238900000000683 109.34249099999999544 105.23019399999999735 103.90789800000000298 102.69519800000000487 102.30889100000000269 100.05188800000000526 97.203750999999996907 96.064162999999993531 94.13924400000000503 92.974189999999993006 89.555419999999998026 88.212158000000002289 87.924048999999996568 88.629088999999993348 89.395088000000001216 90.466483999999994126 90.313652000000004705 90.867949999999993338 90.771286000000003469 89.963440000000005625 87.844245999999998276 85.808632000000002904 85.268867000000000189 85.747803000000004658 85.763694999999998458 87.663300000000006662 87.880477999999996541 90.302383000000006064 91.996902000000005728 91.489234999999993647 89.024413999999993052 86.740921000000000163 85.744422999999997614 85.263717999999997232 85.631675999999998794 86.203117000000005987 85.914344999999997299 86.82666799999999796
113.42717700000000036 111.87860899999999731 110.15562400000000309 109.23175799999999924 108.75189199999999801 105.90483899999999551 104.66870900000000688 101.26274899999999946 99.576958000000004745 96.891272999999998206 95.103454999999996744 93.764870000000001937 90.049751000000000545 88.411818999999994162 87.661834999999996398 88.34961699999999496 89.684021000000001322 91.210953000000003499 91.697540000000003602 91.819220999999998867 91.526443000000000438 90.567832999999993149 88.217094000000003007 87.717308000000002721 88.401329000000004044 87.402977000000007024 87.82787299999999675 90.132660000000001332 91.872353000000003931 94.407402000000004705 92.676452999999995086 92.023926000000003 89.824721999999994182 88.737785000000002356 86.857299999999995066 86.194923000000002844 86.424407999999999674 87.107201000000003432 87.985352000000006001 89.886146999999994023
117.1570430000000016 115.91110999999999365 111.97785199999999861 111.30475599999999758 109.89148699999999792 108.86445600000000411 106.84116400000000624 101.92640699999999754 99.932807999999994308 97.288673000000002844 96.162612999999993235 93.036429999999995744 90.596252000000006888 88.889022999999994568 88.21089200000000119 89.743224999999995362 92.675972000000001572 92.070305000000004725 92.272720000000006735 91.84005000000000507 91.71236399999999378 89.915749000000005253 88.346642000000002781 88.306770000000000209 89.353606999999996674 89.877869000000004007 90.882232999999999379 91.422202999999996109 92.541916000000000508 94.736678999999995199 93.63744400000000212 94.590286000000006084 91.189910999999995056 89.396377999999998565 87.623374999999995794 87.611176000000000386 88.270020000000002369 87.75362400000000207 88.539330000000006748 91.05214700000000505
118.93316699999999742 116.59172100000000682 115.61159499999999412 114.41604599999999436 110.67835999999999785 109.26735700000000406 104.67848999999999648 102.19415300000000002 100.22307600000000605 97.547646000000000299 96.437798000000000798 93.352881999999993923 92.578659000000001811 91.588058000000003744 89.76622000000000412 91.273621000000005665 93.631720999999998867 93.722571999999999548 92.993720999999993637 92.024635000000003515 91.601112000000000535 90.239922000000007074 89.345489999999998076 90.27787800000000118 90.12432900000000302 90.644356000000001927 90.956519999999997594 91.047424000000006572 93.101737999999997442 94.568000999999995315 93.520827999999994518 96.727767999999997528 96.747855999999998744 89.776084999999994807 88.290809999999993352 88.33305400000000418 89.041656000000003246 89.378448000000005891 91.817451000000005479 92.189903000000001043
121.86731000000000336 118.18925500000000284 117.17084499999999991 114.22030599999999367 112.46849100000000021 110.04219100000000253 104.56763499999999567 102.2485499999999945 99.158507999999997651 98.292557000000002176 97.788978999999997654 94.130165000000005193 94.083945999999997412 94.95352900000000318 95.557158999999998628 96.304230000000003997 94.770645000000001801 94.582892999999998551 93.97783699999999385 93.524803000000005682 92.250541999999995824 90.71840699999999913 89.81706200000000706 91.113274000000004094 92.083625999999995315 92.815590000000000259 91.689437999999995554 91.505211000000002741 92.384452999999993494 92.931252000000000635 95.305404999999993265 98.097922999999994431 97.771705999999994674 91.827286000000000854 90.681693999999993139 89.875504000000006499 89.552025000000000432 90.037841999999997711 92.413994000000002416 94.526145999999997116
121.13008100000000411 119.9784089999999992 119.2722090000000037 115.67687200000000303 113.44675399999999854 107.41158299999999315 104.70600100000000054 102.62412299999999732 99.541839999999993438 98.964889999999996917 98.771843000000004054 99.146088000000005991 100.15309899999999743 97.788818000000006236 98.370795999999998571 99.700126999999994837 100.34483299999999417 100.01046800000000303 96.147827000000006592 95.536118000000001871 94.174148999999999887 93.671616000000000213 92.164947999999995432 91.725539999999995189 92.696556000000001063 93.643683999999993262 93.450050000000004502 91.80689999999999884 92.039924999999996658 92.131255999999993378 95.620330999999993082 98.045379999999994425 96.233421000000006984 93.91470300000000293 92.593085999999999558 90.794769000000002279 90.91211699999999496 92.523155000000002701 93.434196000000000026 95.687400999999994156
121.02831299999999715 119.92259199999999453 119.0619959999999935 117.63943500000000597 115.17237099999999828 108.12335199999999702 105.69469499999999584 101.81194299999999942 100.94808199999999943 100.98525999999999669 100.59538999999999476 101.68061099999999897 103.9305569999999932 103.37382499999999652 103.10208900000000654 102.15256499999999562 103.06331600000000037 100.55543500000000279 99.73602300000000298 99.481018000000005941 96.010863999999997986 95.682181999999997402 93.745215999999999212 93.360564999999994029 92.864433000000005336 93.00803399999999499 92.136032000000000153 90.4783170000000041 90.695151999999993109 93.767325999999997066 95.867644999999996003 97.381362999999993235 96.486419999999995412 95.835792999999995345 94.50138099999999497 92.414101000000002273 92.255150000000000432 93.803886000000005652 95.402389999999996917 99.05928000000000111
120.1837459999999993 119.47667699999999513 119.86496699999999294 118.96855899999999906 114.09743500000000438 111.61342600000000402 109.50341000000000236 103.24539199999999539 102.02658800000000383 102.99791700000000105 104.03394299999999362 105.13919099999999673 105.19271100000000274 104.94319199999999626 104.78888700000000256 104.89250900000000399 103.53785700000000247 100.5383070000000032 99.799880999999999176 101.01480899999999963 100.48848700000000633 99.266975000000002183 95.6960679999999968 95.16133100000000411 94.0060579999999959 92.743919000000005326 90.651031000000003246 89.262046999999995478 90.006934999999998581 94.673241000000004419 96.221573000000006459 96.164451999999997156 96.107590000000001851 96.005759999999995102 96.022391999999996415 95.692954999999997767 95.382430999999996857 94.991127000000005864 96.320189999999996644 99.567001000000004751
