Example cities/Belgrad/DEM.asc
ncols        86
nrows        83
xllcorner    2275768.681820620783
yllcorner    5591255.022428711876
cellsize     50.000000000000
[rows 0 to 17 of 83, columns 40 to 79 of 86]
68.028998999999998887 68.028998999999998887 68.028998999999998887 68.028998999999998887 68.028998999999998887 68.028998999999998887 68.028000000000005798 68.028998999999998887 68.028998999999998887 68.028000000000005798 68.028000000000005798 68.028000000000005798 68.029999000000003662 68.029999000000003662 68.53176899999999705 68.198691999999994096 68.028998999999998887 70.102233999999995717 69.845314000000001897 69.799484000000006745 70.579552000000006728 75.174660000000002924 75.681563999999994508 76.399376000000003728 74.620009999999993511 73.829002000000002681 73.084755000000001246 72.873031999999994923 73.524590000000003442 74.647232000000002472 74.587699999999998113 73.372787000000002422 72.764602999999993926 72.370757999999995036 72.123230000000006612 72.091948999999999614 72.205894000000000688 72.211303999999998382 72.422516000000001668 72.750206000000005702
68.028998999999998887 68.028998999999998887 68.028998999999998887 68.040001000000003728 68.040001000000003728 68.040001000000003728 68.040001000000003728 68.040001000000003728 68.040001000000003728 68.040999999999996817 68.040999999999996817 68.040999999999996817 68.042000000000001592 68.042000000000001592 68.042000000000001592 68.042000000000001592 68.042000000000001592 68.042000000000001592 68.042000000000001592 68.040999999999996817 68.040999999999996817 68.040999999999996817 68.040999999999996817 68.040999999999996817 72.532120000000006144 73.520210000000005834 73.024826000000004456 73.103995999999995092 73.582176000000004024 74.537047999999998638 74.098556999999999562 72.647102000000003841 72.208977000000004409 72.020645000000001801 72.175117000000000189 72.239433000000005336 72.433600999999995906 72.513107000000005087 72.505324999999999136 72.533646000000004506
68.028998999999998887 68.028998999999998887 68.028998999999998887 68.040001000000003728 68.040001000000003728 68.040001000000003728 68.040001000000003728 68.040001000000003728 68.040001000000003728 68.040001000000003728 68.040001000000003728 68.040999999999996817 68.042000000000001592 68.042000000000001592 68.042000000000001592 68.042000000000001592 68.042000000000001592 68.042000000000001592 68.042000000000001592 68.040999999999996817 68.040999999999996817 68.040001000000003728 68.040001000000003728 68.040001000000003728 68.040001000000003728 68.040001000000003728 69.575942999999995209 69.832740999999998621 70.371802999999999884 70.19087199999999882 69.600121000000001459 70.92233299999999474 70.384108999999995149 70.363585999999997966 70.724891999999996983 71.690048000000004436 72.621459999999999013 72.738006999999996083 72.557877000000004841 72.040901000000005183
68.028998999999998887 68.028998999999998887 68.028998999999998887 68.040001000000003728 68.040001000000003728 68.040001000000003728 68.040001000000003728 68.040001000000003728 68.040001000000003728 68.040001000000003728 68.040001000000003728 68.040001000000003728 68.040001000000003728 68.040999999999996817 68.040999999999996817 68.040001000000003728 68.040001000000003728 68.040999999999996817 68.040999999999996817 68.040999999999996817 68.040999999999996817 68.040001000000003728 68.040001000000003728 68.040001000000003728 68.040001000000003728 68.040001000000003728 68.040001000000003728 68.040999999999996817 68.220855999999997721 68.058937000000000239 68.040999999999996817 68.040999999999996817 68.040999999999996817 68.531165999999998917 70.37975299999999379 71.108481999999995082 71.755622999999999934 70.466712999999998601 71.018799000000001342 70.473716999999993504
68.028998999999998887 68.028998999999998887 68.028998999999998887 68.040001000000003728 68.040001000000003728 68.040001000000003728 68.040001000000003728 68.040001000000003728 68.040001000000003728 68.040001000000003728 68.040001000000003728 68.040001000000003728 68.040001000000003728 68.040001000000003728 68.040001000000003728 68.040001000000003728 68.040001000000003728 68.040001000000003728 68.040001000000003728 68.040001000000003728 68.040999999999996817 68.040001000000003728 68.040001000000003728 68.040001000000003728 68.040001000000003728 68.040001000000003728 68.040001000000003728 68.040999999999996817 68.040999999999996817 68.040999999999996817 68.040999999999996817 68.040999999999996817 68.040999999999996817 68.040999999999996817 68.040999999999996817 68.045554999999993129 68.040999999999996817 68.040999999999996817 68.040001000000003728 68.104377999999996973
68.040001000000003728 68.040001000000003728 68.040001000000003728 68.040001000000003728 68.040001000000003728 68.040001000000003728 68.040001000000003728 68.040001000000003728 68.040001000000003728 68.040001000000003728 68.040001000000003728 68.040001000000003728 68.040001000000003728 68.040001000000003728 68.040001000000003728 68.040001000000003728 68.040001000000003728 68.040001000000003728 68.040001000000003728 68.040001000000003728 68.040001000000003728 68.040001000000003728 68.040001000000003728 68.040001000000003728 68.040001000000003728 68.040001000000003728 68.040001000000003728 68.040001000000003728 68.040999999999996817 68.040999999999996817 68.040001000000003728 68.040001000000003728 68.040999999999996817 68.040001000000003728 68.040001000000003728 68.040001000000003728 68.040001000000003728 68.040001000000003728 68.040001000000003728 68.040001000000003728
68.040001000000003728 68.040001000000003728 68.040001000000003728 68.040001000000003728 68.040001000000003728 68.040001000000003728 68.040001000000003728 68.040001000000003728 68.040001000000003728 68.040001000000003728 68.040001000000003728 68.040001000000003728 68.040001000000003728 68.040001000000003728 68.040001000000003728 68.040001000000003728 68.040001000000003728 68.040001000000003728 68.040001000000003728 68.040001000000003728 68.040001000000003728 68.040001000000003728 68.040001000000003728 68.040001000000003728 68.040001000000003728 68.040001000000003728 68.040001000000003728 68.040001000000003728 68.039000999999998953 68.040001000000003728 68.040001000000003728 68.040001000000003728 68.040001000000003728 68.040001000000003728 68.040001000000003728 68.040001000000003728 68.040001000000003728 68.040001000000003728 68.040001000000003728 68.040001000000003728
68.040001000000003728 68.040001000000003728 68.040001000000003728 68.040001000000003728 68.040001000000003728 68.040001000000003728 68.040001000000003728 68.040001000000003728 68.040001000000003728 68.039000999999998953 68.039000999999998953 68.039000999999998953 68.040001000000003728 68.040001000000003728 68.040001000000003728 68.040001000000003728 68.040001000000003728 68.040001000000003728 68.040001000000003728 68.040001000000003728 68.040001000000003728 68.040001000000003728 68.040001000000003728 68.040001000000003728 68.040001000000003728 68.040001000000003728 68.040001000000003728 68.040001000000003728 68.039000999999998953 68.039000999999998953 68.039000999999998953 68.039000999999998953 68.039000999999998953 68.039000999999998953 68.039000999999998953 68.039000999999998953 68.040001000000003728 68.040001000000003728 68.040001000000003728 68.040001000000003728
68.040001000000003728 68.039000999999998953 68.039000999999998953 68.040001000000003728 68.039000999999998953 68.039000999999998953 68.039000999999998953 68.039000999999998953 68.039000999999998953 68.039000999999998953 68.039000999999998953 68.039000999999998953 68.040001000000003728 68.040001000000003728 68.040001000000003728 68.040001000000003728 68.040001000000003728 68.040001000000003728 68.040001000000003728 68.040001000000003728 68.040001000000003728 68.040001000000003728 68.040001000000003728 68.040001000000003728 68.040001000000003728 68.040001000000003728 68.040001000000003728 68.040001000000003728 68.039000999999998953 68.039000999999998953 68.039000999999998953 68.039000999999998953 68.039000999999998953 68.039000999999998953 68.039000999999998953 68.039000999999998953 68.039000999999998953 68.039000999999998953 68.039000999999998953 68.039000999999998953
68.039000999999998953 68.039000999999998953 68.039000999999998953 68.039000999999998953 68.039000999999998953 68.039000999999998953 68.039000999999998953 68.039000999999998953 68.039000999999998953 68.039000999999998953 68.039000999999998953 68.039000999999998953 68.040001000000003728 68.040001000000003728 68.040001000000003728 68.040001000000003728 68.040001000000003728 68.040001000000003728 68.040001000000003728 68.040001000000003728 68.040001000000003728 68.040001000000003728 68.040001000000003728 68.040001000000003728 68.040001000000003728 68.040001000000003728 68.040001000000003728 68.040001000000003728 68.039000999999998953 68.039000999999998953 68.039000999999998953 68.039000999999998953 68.039000999999998953 68.039000999999998953 68.039000999999998953 68.039000999999998953 68.039000999999998953 68.039000999999998953 68.039000999999998953 68.039000999999998953
68.837502000000000635 68.763557000000005814 68.039000999999998953 68.039000999999998953 68.039000999999998953 68.039000999999998953 68.039000999999998953 68.039000999999998953 68.039000999999998953 68.039000999999998953 68.039000999999998953 68.039000999999998953 68.040001000000003728 68.040001000000003728 68.040001000000003728 68.040001000000003728 68.040001000000003728 68.040001000000003728 68.040001000000003728 68.040001000000003728 68.040001000000003728 68.040001000000003728 68.040001000000003728 68.040001000000003728 68.039000999999998953 68.039000999999998953 68.039000999999998953 68.039000999999998953 68.039000999999998953 68.039000999999998953 68.039000999999998953 68.039000999999998953 68.039000999999998953 68.039000999999998953 68.039000999999998953 68.039000999999998953 68.039000999999998953 68.039000999999998953 68.039000999999998953 68.039000999999998953
70.859795000000005416 70.177291999999994232 69.869536999999994009 70.002182000000004791 68.455650000000005662 68.303512999999995259 68.083183000000005336 68.09637499999999477 68.101471000000003642 68.039000999999998953 68.039000999999998953 68.038002000000005864 68.040001000000003728 68.040001000000003728 68.040001000000003728 68.040001000000003728 68.039000999999998953 68.039000999999998953 68.039000999999998953 68.039000999999998953 68.039000999999998953 68.039000999999998953 68.039000999999998953 68.039000999999998953 68.039000999999998953 68.039000999999998953 68.039000999999998953 68.039000999999998953 68.039000999999998953 68.039000999999998953 68.039000999999998953 68.039000999999998953 68.039000999999998953 68.039000999999998953 68.039000999999998953 68.039000999999998953 68.039000999999998953 68.039000999999998953 68.039000999999998953 68.039000999999998953
76.016120999999998276 74.202904000000003748 74.420212000000006469 75.178482000000002472 74.836838000000000193 71.753319000000004735 68.160042000000004236 68.26069599999999582 68.240386999999998352 68.926124999999998977 69.740043999999997482 68.07543900000000292 68.057204999999996176 68.125739999999993302 68.200890000000001123 68.218506000000004974 68.039000999999998953 68.039000999999998953 68.039000999999998953 68.039000999999998953 68.039000999999998953 68.039000999999998953 68.039000999999998953 68.039000999999998953 68.039000999999998953 68.039000999999998953 68.039000999999998953 68.039000999999998953 68.039000999999998953 68.039000999999998953 68.039000999999998953 68.039000999999998953 68.039000999999998953 68.039000999999998953 68.039000999999998953 68.039000999999998953 68.039000999999998953 68.039000999999998953 68.039000999999998953 68.038002000000005864
78.564567999999994186 79.35151700000000119 77.86980400000000202 79.616675999999998226 79.441765000000003738 74.083336000000002741 72.996407000000004928 72.756698999999997568 69.884628000000006409 71.337729999999993424 71.777343999999999369 71.663673000000002844 70.866646000000002914 68.360504000000005931 68.594657999999995468 68.573868000000004486 68.039000999999998953 68.039000999999998953 68.039000999999998953 68.039000999999998953 68.039000999999998953 68.039000999999998953 68.039000999999998953 68.039000999999998953 68.039000999999998953 68.039000999999998953 68.039000999999998953 68.039000999999998953 68.039000999999998953 68.039000999999998953 68.039000999999998953 68.039000999999998953 68.038002000000005864 68.039000999999998953 68.038002000000005864 68.038002000000005864 68.038002000000005864 68.038002000000005864 68.038002000000005864 68.038002000000005864
79.697540000000003602 80.519942999999997824 81.103538999999997827 81.394012000000003582 81.516532999999995468 78.199462999999994395 76.577353999999999701 75.630279999999999063 75.904906999999994355 76.10463699999999676 75.100661999999999807 74.95996900000000096 72.411049000000005549 72.541640999999998485 73.053741000000002259 70.915604000000001861 69.756720999999998867 71.009940999999997757 68.061690999999996166 68.062393000000000143 68.152480999999994538 68.117844000000005167 68.039000999999998953 68.039000999999998953 68.038002000000005864 68.039000999999998953 68.039000999999998953 68.038002000000005864 68.038002000000005864 68.038002000000005864 68.038002000000005864 68.038002000000005864 68.038002000000005864 68.038002000000005864 68.038002000000005864 68.038002000000005864 68.038002000000005864 68.038002000000005864 68.038002000000005864 68.038002000000005864
79.642737999999994258 80.722701999999998179 80.965782000000004359 81.16033199999999681 81.429558000000000106 80.281402999999997405 78.406975000000002751 77.213120000000003529 76.907661000000004492 76.140045000000000641 76.253119999999995571 77.099045000000003824 75.590546000000003346 75.596535000000002924 76.487862000000006901 76.561188000000001352 75.975020999999998139 74.27003499999999292 74.575767999999996505 74.903969000000003575 73.08556400000000508 71.129577999999995086 68.084594999999993092 68.038337999999995986 68.038002000000005864 68.038002000000005864 68.038002000000005864 68.038002000000005864 68.038002000000005864 68.038002000000005864 68.038002000000005864 68.038002000000005864 68.038002000000005864 68.038002000000005864 68.038002000000005864 68.038002000000005864 68.038002000000005864 68.038002000000005864 68.038002000000005864 68.038002000000005864
78.901816999999994096 79.326363000000000625 79.71823100000000295 80.628212000000004878 80.894424000000000774 79.890822999999997478 78.38113400000000297 77.044494999999997731 76.854125999999993724 76.138892999999995936 76.321235999999998967 78.530991000000000213 79.655738999999996963 80.076340000000001851 78.565513999999993189 78.643569999999996867 77.22666900000000112 76.860748000000000957 76.893219000000001984 76.324523999999996704 74.969939999999994029 73.146354999999999791 68.53744500000000528 68.038002000000005864 68.038002000000005864 68.038002000000005864 68.038002000000005864 68.039687999999998169 68.039848000000006323 68.038002000000005864 68.038002000000005864 68.038002000000005864 68.038002000000005864 68.038002000000005864 68.038002000000005864 68.038002000000005864 68.038002000000005864 68.038002000000005864 68.038002000000005864 68.038002000000005864
78.422843999999997777 79.059959000000006313 79.213515999999998485 79.371437000000000239 79.346046000000001186 79.153503000000000611 77.308136000000004628 76.832442999999997824 76.091483999999994126 75.87758599999999376 76.414985999999998967 78.844429000000005203 80.096466000000006602 80.115356000000005565 80.175865000000001714 80.541756000000006566 78.451683000000002721 77.475334000000003698 76.97323599999999999 76.922843999999997777 76.965880999999995993 76.552009999999995671 75.754349000000004821 68.765854000000004476 70.705878999999995926 73.227042999999994777 68.038002000000005864 68.038002000000005864 68.039931999999993195 68.046051000000005615 68.043259000000006154 68.038002000000005864 68.038002000000005864 68.037002999999998565 68.037002999999998565 68.037002999999998565 68.037002999999998565 68.037002999999998565 68.037002999999998565 68.037002999999998565
