Example cities/Paris/DEM.asc
ncols        55
nrows        54
xllcorner    260998.598314848525
yllcorner    6248776.396865369752
cellsize     50.000000000000
[rows 18 to 35 of 54, columns 0 to 39 of 55]
49.891876000000003444 43.622768000000000654 38.006988999999997247 34.414715000000001055 29.842310000000001224 29.842413000000000523 29.842724000000000473 29.842724000000000473 29.843343999999998317 29.843343999999998317 29.843551999999998969 29.843551999999998969 35.504375000000003126 39.490723000000002685 36.53683900000000051 42.223160000000000025 43.525374999999996817 43.107776999999998679 44.237461000000003253 46.548782000000002768 47.049228999999996859 46.389037999999999329 45.258429999999997051 46.36617999999999995 47.611052999999998292 47.134582999999999231 47.111767000000000394 47.187710000000002708 48.254184999999999661 48.54113399999999956 48.874339999999996564 48.938316000000000372 47.66667900000000202 46.806975999999998805 46.268410000000002924 45.670788000000001716 45.928288000000002 45.657977999999999952 44.056083999999998468 43.824108000000002505
49.908405000000001905 49.324623000000002548 50.117362999999997442 40.898395999999998196 36.432094999999996787 38.380974000000001922 31.601867999999999626 29.842724000000000473 29.843137999999999721 29.843343999999998317 29.843343999999998317 29.843551999999998969 29.843551999999998969 29.844069000000001068 32.804595999999996536 36.028804999999998415 44.211472000000000548 43.427284000000000219 42.992972999999999217 45.728259999999998797 46.159885000000002719 45.908287000000001399 44.81403399999999948 45.845001000000003444 46.831696000000000879 46.516272999999998206 46.620089999999997588 46.239795999999998344 46.748043000000002678 47.88853499999999741 48.371788000000002228 48.496291999999996847 47.590507999999999811 46.958035000000002412 46.951214000000000226 46.498561999999999728 46.231262000000000967 45.845748999999997864 45.153393000000001223 43.985743999999996845
49.772418999999999301 49.2386589999999984 49.272593999999998005 49.476582000000000505 48.921939999999999316 47.116813999999997975 35.798305999999996629 32.721054000000002304 29.843137999999999721 29.843343999999998317 29.843551999999998969 29.843551999999998969 29.84396600000000177 29.84396600000000177 29.844069000000001068 32.568728999999997598 42.143742000000003145 37.280655000000002985 43.249907999999997799 44.735477000000003045 45.639164000000000954 45.54302200000000056 44.834583000000002073 44.856262000000000967 45.442295000000001437 44.39110600000000062 45.309722999999998194 45.575789999999997804 45.984222000000002595 47.07846800000000087 47.722084000000002391 47.914963000000000193 47.252949000000000979 47.232792000000003441 47.200687000000002058 47.084544999999998538 46.443576999999997668 45.939307999999996923 45.253452000000002897 44.181601999999998043
48.791263999999998191 48.885261999999997329 48.858561999999999159 49.185859999999998138 49.007609999999999673 47.009543999999998221 43.757525999999998589 36.358012999999999693 37.984744999999996651 35.998280000000001166 32.087521000000002402 29.843551999999998969 29.84396600000000177 29.844069000000001068 29.844172000000000367 29.844172000000000367 29.844481999999999289 32.952057000000003484 36.28334000000000259 42.681716999999999018 44.469504999999998063 44.66778200000000254 43.363731000000001359 41.545085999999997739 42.058776999999999191 43.50008799999999809 44.574683999999997752 44.781193000000001803 45.022587000000001467 45.740997000000000128 46.021641000000002464 46.356892000000001985 46.375140999999999281 47.081916999999997131 47.192413000000001944 47.163531999999996458 46.506588000000000704 45.942436000000000718 45.489474999999998772 44.972889000000002113
47.324305999999999983 48.244118000000000279 48.460129000000002009 48.701873999999996556 48.824013000000000773 47.386208000000003437 48.339599999999997237 39.412506000000000483 40.951183000000000334 43.370888000000000773 36.481476000000000681 33.20697799999999944 29.84396600000000177 32.162784999999999513 29.844172000000000367 29.844172000000000367 29.844172000000000367 29.844172000000000367 32.469101000000001989 35.491698999999997 39.891204999999999359 41.995029000000002384 42.854275000000001228 41.230933999999997752 41.596775000000000944 42.961922000000001276 43.595134999999999081 43.898642999999999859 43.255038999999996463 43.671748999999998375 44.502316000000000429 44.973953000000001623 45.385703999999996938 46.612724000000000046 46.946658999999996809 46.675491000000000952 46.4251560000000012 45.854336000000003537 45.751358000000003301 45.409008000000000038
38.732677000000002465 47.059592999999999563 47.662681999999996663 47.391162999999998817 47.926647000000002663 48.409821000000000879 49.128086000000003253 42.825302000000000646 44.991652999999999452 45.643619999999998527 44.773384000000000071 44.136020999999999503 43.337981999999996674 36.47009299999999854 29.844172000000000367 29.844172000000000367 29.844172000000000367 29.844172000000000367 29.844172000000000367 29.844481999999999289 31.384910999999998893 35.981540999999999997 41.477420999999999651 41.513100000000001444 41.388756000000000768 42.086829999999999075 42.306373999999998148 41.776725999999996475 41.829135999999998319 42.168888000000002592 42.626838999999996815 43.787475999999998066 44.515022000000001867 44.699305999999999983 45.98846799999999746 46.230789000000001465 45.927802999999997269 45.739201000000001329 45.840392999999998835 45.647815999999998837
33.930621999999999616 36.348601999999999634 40.192016999999999882 46.214764000000002397 46.928019999999996514 47.786301000000001693 48.010662000000003502 46.785290000000003374 48.975177999999999656 49.154659000000002322 47.099834000000001311 44.976765000000000327 44.920273000000001673 43.717201000000002864 32.116638000000001796 29.844172000000000367 29.844481999999999289 29.844481999999999289 29.844481999999999289 29.844481999999999289 29.844481999999999289 32.168788999999996747 34.835307999999997719 34.191952000000000567 40.197414000000001977 41.386119999999998242 41.642322999999997535 41.257972999999999786 40.993453999999999837 41.121799000000002877 41.62582400000000149 42.97768400000000355 43.610435000000002503 44.150032000000003052 45.32343699999999842 45.557034000000001583 45.170273000000001673 44.977715000000003442 44.973002999999998508 44.993855000000003486
29.845666999999998836 29.845666999999998836 34.788730999999998517 39.40856899999999996 45.764408000000003085 46.041496000000002198 44.127643999999996538 45.352249000000000478 48.367404999999997983 47.904423000000001309 46.708424000000000831 45.996009999999998286 45.546058999999999628 44.191437000000000523 42.594447999999999865 29.844481999999999289 29.844481999999999289 29.844481999999999289 29.844481999999999289 29.846001000000001113 29.846001000000001113 29.844481999999999289 29.844481999999999289 31.339817000000000036 33.172466000000000008 40.904769999999999186 41.075409000000000503 40.993304999999999438 41.216853999999997882 41.299339000000003352 41.834045000000003256 43.160243999999998721 43.393962999999999397 43.640270000000001005 44.076194999999998458 44.851551000000000613 43.708973000000000297 43.538756999999996822 44.118149000000002502 44.148155000000002701
29.845666999999998836 29.847332000000001528 29.86000100000000046 34.402248000000000161 33.281719000000002495 39.051506000000003382 43.742752000000002965 44.692512999999998158 46.160549000000003161 47.251590999999997678 46.561858999999998332 45.911872999999999934 46.369370000000003529 45.341327999999997189 43.248618999999997925 29.844481999999999289 29.844481999999999289 29.844481999999999289 29.844481999999999289 29.846001000000001113 29.846001000000001113 29.846001000000001113 29.846001000000001113 29.846491000000000327 29.846491000000000327 35.309635000000000105 34.999392999999997755 40.326312999999998965 41.258735999999998967 41.380543000000002962 41.898029000000001076 42.633532999999999902 42.968544000000001404 43.084502999999997996 43.024600999999996986 43.77289999999999992 43.291004000000000929 43.024872000000002004 43.184955999999999676 43.441173999999996624
29.845666999999998836 29.847332000000001528 29.858999000000000734 29.86000100000000046 29.86000100000000046 29.86017400000000066 37.980415000000000703 43.317314000000003205 44.294711999999996976 44.882930999999999244 45.858722999999997683 45.925327000000002897 46.185467000000002713 45.766700999999997634 43.314877000000002738 37.19203600000000165 29.844481999999999289 29.844481999999999289 29.844481999999999289 29.846001000000001113 29.846001000000001113 29.846001000000001113 29.846122999999998626 29.846491000000000327 29.846613000000001392 29.846613000000001392 31.68066999999999922 33.692340999999998985 36.285144999999999982 41.163970999999996536 41.730175000000002683 41.603222000000002367 41.957233000000002221 42.362461000000003253 42.813881000000002075 43.35017400000000265 42.796523999999998011 42.518379000000003032 42.713599999999999568 43.524441000000003044
37.663840999999997905 34.669781000000000404 32.326762999999999693 29.86017400000000066 29.86017400000000066 29.860434999999998951 33.596958000000000766 32.475169999999998538 34.869762000000001478 37.851771999999996865 44.776119000000001336 45.733722999999997683 46.072453000000002987 45.928879000000002009 45.066540000000003374 41.886764999999996917 29.861000000000000654 29.861000000000000654 29.844481999999999289 30.123252999999998281 30.319987999999998607 29.861000000000000654 31.666554999999998898 29.846491000000000327 29.846613000000001392 29.846856999999999971 29.847225000000001671 29.847225000000001671 32.617213999999997043 35.004497999999998115 39.611462000000003059 40.805126000000001341 41.228096000000000743 41.661121000000001402 42.343155000000002985 42.735618999999999801 42.203479999999998995 42.309238000000000568 43.24979799999999841 44.008003000000002203
45.42018900000000059 44.602142000000000621 37.053848000000002116 29.86017400000000066 29.86017400000000066 29.860434999999998951 29.860551999999998429 29.860783000000001408 29.860783000000001408 33.489226999999999634 43.388987999999997669 44.91035500000000269 45.73551599999999695 46.74779500000000354 46.049739999999999895 44.426811000000000718 34.929371000000003278 29.861000000000000654 29.861000000000000654 29.861000000000000654 37.058422000000000196 41.875008000000001118 35.564087000000000671 29.846491000000000327 29.846613000000001392 29.846856999999999971 29.847103000000000605 29.847346999999999184 29.847346999999999184 29.847836999999998397 33.552826000000003148 35.907749000000002582 40.208199000000000467 40.461632000000001597 40.426422000000002299 40.980300999999997202 41.635013999999998191 42.827347000000003163 44.015228000000000463 44.188969000000000165
47.41695800000000105 45.773262000000002558 44.882697999999997762 44.892707999999998947 36.516899000000002218 33.316071000000000879 31.266404999999998893 29.860551999999998429 29.860783000000001408 29.861087999999998743 29.861302999999999486 34.269542999999998756 38.450305999999997653 45.720520000000000493 45.683284999999997922 45.014266999999996699 36.221294000000000324 29.861499999999999488 29.861499999999999488 29.861333999999999378 39.714100000000001955 43.213943000000000438 42.918742999999999199 37.196739000000000885 31.875205999999998596 33.117718000000003542 29.847103000000000605 29.847346999999999184 29.847591000000001316 29.847836999999998397 29.848082000000001557 32.36157999999999646 31.942194000000000642 34.34976999999999947 40.011687999999999477 40.64748000000000161 41.121322999999996739 43.514865999999997825 44.555840000000003442 44.698115999999998849
50.22023399999999782 48.032738000000001932 46.836764999999999759 45.784004000000003032 42.882438999999997975 39.392834000000000572 33.846744999999998527 31.348304999999999865 29.861043999999999699 29.861087999999998743 29.861087999999998743 29.861651999999999418 33.144508000000001857 36.143771999999998457 43.661827000000002386 40.865253000000002714 39.982604999999999507 29.861834000000001765 29.861834000000001765 29.861499999999999488 31.874340000000000117 44.264701999999999771 44.796810000000000684 46.2116929999999968 44.740958999999996593 37.766250999999996907 34.525588999999996531 29.847346999999999184 29.847591000000001316 29.847836999999998397 29.848082000000001557 29.84857200000000077 29.848815999999999349 31.446054000000000173 35.875084000000001083 40.720553999999999917 41.472355000000000302 44.029128999999997518 44.739952000000002386 44.825867000000002349
50.617825000000003399 48.442028000000000532 47.60634600000000205 47.023952000000001306 46.90301900000000046 41.263531000000000404 39.083950000000001523 36.854720999999997844 31.828054000000001622 29.861087999999998743 29.861302999999999486 29.861302999999999486 29.861737999999999005 29.861869999999999692 29.861869999999999692 34.041541999999999746 34.405318999999998653 32.298355000000000814 29.861999999999998323 29.861834000000001765 29.861999999999998323 45.971367000000000758 46.780354000000002657 46.627377000000002738 46.002719999999996503 43.33410599999999846 43.114612999999998522 36.899456000000000699 35.283816999999999098 32.41994900000000257 29.848082000000001557 29.84857200000000077 29.84857200000000077 29.848938000000000415 32.583083999999999492 32.560074000000000183 36.091118000000001587 42.682079000000001656 44.695861999999998204 44.849457000000001017
50.450504000000002236 48.948742000000002861 47.292319999999996583 46.148440999999998269 46.336319000000003143 44.91884600000000205 41.188693999999998141 38.524428999999997814 34.872996999999998025 32.939709000000000572 31.332972999999999075 32.216948999999999614 29.861737999999999005 29.861869999999999692 29.861869999999999692 29.862332999999999572 31.576056999999998709 31.04481699999999833 29.862749000000000876 29.862749000000000876 29.862749000000000876 32.907004999999998063 47.306212999999999624 46.611854999999998483 45.869427000000001726 43.945225000000000648 44.885615999999998849 46.042304999999998927 45.687874000000000763 37.098067999999997824 33.263016000000000361 29.848326000000000136 29.848815999999999349 29.849184000000001049 29.849184000000001049 29.849184000000001049 32.89901400000000109 37.331684000000002754 44.538238999999997247 44.642727000000000714
49.485466000000002396 47.514842999999999051 45.893047000000002811 45.521183000000000618 45.877026000000000749 46.447552000000001726 43.802058999999999855 41.645718000000002235 40.461277000000002602 41.642150999999998362 40.852694999999997094 35.852581000000000699 31.690891000000000588 29.861869999999999692 29.861999999999998323 29.861999999999998323 29.862443999999999988 29.862443999999999988 29.862749000000000876 29.850999999999999091 29.850999999999999091 29.850999999999999091 39.391101999999996508 38.575851000000000113 44.655242999999998688 44.149310999999997307 45.240326000000003148 46.318767999999998608 46.654701000000002864 44.620972000000001856 38.008965000000003442 41.631458000000002073 33.181880999999997073 29.849427999999999628 29.849427999999999628 29.849427999999999628 29.849427999999999628 35.050601999999997815 41.907947999999997535 43.259216000000002111
48.452427000000000135 47.43481400000000292 46.603222000000002367 45.429927999999996757 45.874930999999996573 46.476951999999997156 46.734600000000000364 46.256466000000003191 45.212265000000002146 42.577266999999999086 41.531795999999999935 40.85932499999999834 40.191723000000003196 32.663128000000000384 33.396290000000000475 31.590527999999999054 29.862443999999999988 29.862443999999999988 29.862443999999999988 29.850999999999999091 29.850999999999999091 29.850999999999999091 29.850999999999999091 33.197361000000000786 35.835315999999998837 38.566668999999997425 45.368262999999998897 46.454956000000002803 46.725883000000003165 46.132922999999998126 45.328270000000003392 44.183224000000002718 37.253731000000001927 33.308520999999998935 29.849796000000001328 29.849796000000001328 29.849917999999998841 33.035235999999997603 39.031773000000001161 41.71316099999999949
