Example cities/Paris/DEM.asc
ncols        55
nrows        54
xllcorner    260998.598314848525
yllcorner    6248776.396865369752
cellsize     50.000000000000
[rows 0 to 17 of 54, columns 0 to 39 of 55]
43.944572000000000855 40.85741000000000156 40.226027999999999452 40.555286000000002389 38.293697000000001651 37.845371000000000095 38.11410099999999801 40.108879000000001724 42.129432999999998799 44.517898999999999887 46.286265999999997689 47.895119000000001108 48.351821999999998525 48.80760999999999683 49.625552999999996473 49.538853000000003135 49.153458000000000538 48.735270999999997343 49.853732999999998299 50.557858000000003074 49.671528000000002123 48.369483999999999924 47.347625999999998214 46.372917000000001053 46.022274000000003014 46.162238999999999578 46.639042000000003441 47.279395999999998423 47.623286999999997704 47.996723000000002912 49.005020000000001801 49.597355000000000302 49.480849999999996669 49.884247000000002004 48.527092000000003225 46.906471000000003357 46.576618000000003406 47.4124219999999994 47.922955000000001746 48.579048000000000229
49.728287000000001683 45.396599000000001922 43.304194999999999993 41.839210999999998819 38.628498000000000445 38.036433999999999855 38.179862999999997442 38.930252000000002965 42.153610000000000468 44.715800999999999021 46.362118000000002382 47.937820000000002096 48.218105000000001326 48.537998000000001753 49.498558000000002721 48.451022999999999286 48.240501000000001852 50.396183000000000618 55.260632000000001085 54.654293000000002678 52.881732999999996991 48.343043999999999016 46.376697999999997535 45.441840999999996598 45.528289999999998372 46.248908999999997604 46.824989000000002193 47.531368000000000507 47.755020000000001801 48.030150999999996486 47.065162999999998306 47.74634900000000215 48.475166000000001532 49.01973000000000269 47.729145000000002597 46.72594800000000248 46.843372000000002231 47.606659000000000503 47.828597999999999502 48.437252000000000862
52.93021399999999943 48.370910999999999547 46.185809999999996478 43.699660999999998978 41.8030469999999994 40.440041000000000793 40.019813999999996668 40.260674000000001627 43.029052999999997553 45.075138000000002592 46.601722999999999786 47.990299000000000262 48.055034999999996614 47.694389000000001033 48.049908000000002062 48.128985999999997603 49.995434000000003039 55.283957999999998378 60.422801999999997236 57.983432999999998003 55.843544000000001404 49.438484000000002538 47.035426999999998543 45.916671999999998377 45.502425999999999817 46.535361999999999227 47.112541000000000224 47.51219199999999887 47.394325000000002035 46.671894000000001768 46.143982000000001165 46.379359999999998365 47.169231000000003462 47.838127000000000066 47.877831000000000472 46.730342999999997744 47.099933999999997525 47.424407999999999674 47.584904000000001645 47.963557999999999026
55.029747000000000412 53.66561500000000251 48.682251000000000829 48.002040999999998405 45.235992000000003088 41.412227999999998929 41.104652000000001522 41.561497000000002799 42.632603000000003135 45.521377999999998565 46.985152999999996837 48.265667000000000542 47.728332999999999231 47.339703000000000088 46.883572000000000912 48.67510599999999954 53.398856999999999573 59.874591999999999814 59.676749999999998408 58.105620999999999299 56.330218999999999596 53.969490000000000407 48.24157300000000248 46.590614000000002193 45.806319999999999482 47.021236000000001809 47.505375000000000796 47.838813999999999282 46.724193999999997118 45.874232999999996707 45.366089000000002329 45.03061699999999945 45.774864000000000885 45.262805999999997653 45.778210000000001401 46.160358000000002221 46.667766999999997779 47.01416799999999796 46.944316999999998075 47.229252000000002454
55.549618000000002382 54.803406000000002507 51.483905999999997505 49.381549999999997169 46.095855999999997721 43.580367999999999995 42.462215000000000487 43.051098000000003196 45.54769900000000149 47.254100999999998578 48.278872999999997262 48.723415000000002806 48.070602000000000942 47.439388000000001 46.208770999999998708 46.552394999999997083 56.785477000000000203 60.577911000000000286 60.146197999999998274 57.551113000000000852 56.153038000000002228 54.242564999999999031 49.242854999999998711 47.447234999999999161 46.184821999999996933 46.361561000000001798 47.291190999999997757 47.530064000000002977 47.13845799999999997 45.241154000000001645 44.707450999999998942 43.828777000000002317 44.081493000000001814 44.314155999999996993 44.459747000000000128 44.405810999999999922 44.966067999999999927 45.667042000000002133 44.248432000000001096 45.358505000000000962
54.872261000000001729 54.288898000000003208 53.373882000000001824 49.615313999999997918 46.687243999999999744 44.744483999999999924 45.568474000000001922 46.08641399999999777 47.035290000000003374 48.530411000000000854 49.151618999999996618 49.264828000000001396 48.994064000000001613 47.814342000000003452 46.345923999999996568 47.273513999999998703 55.465302000000001215 58.127563000000002091 58.24417100000000147 56.838374999999999204 55.371276999999999191 52.994979999999998199 51.286118000000001871 47.616900999999998589 46.237934000000002754 46.228167999999996596 46.72129799999999733 46.836441000000000656 45.762180000000000746 44.622523999999998523 44.212153999999998177 43.726413999999998339 43.563079999999999359 43.475974999999998261 43.203609000000000151 42.782856000000002439 41.658222000000002083 42.323936000000003332 42.989021000000001038 44.358626999999998475
54.628632000000003188 54.21981399999999951 53.3949089999999984 49.516120999999998276 47.882381000000002302 46.948565999999999576 46.486687000000003422 47.070908000000002858 48.204524999999996737 48.955750000000001876 49.782130999999999688 49.967522000000002436 49.572212000000000387 48.196097999999999217 46.918216999999998507 47.888717999999997232 53.456867000000002577 55.669952000000002101 56.508270000000003108 55.047263999999998418 53.071551999999996951 51.725749999999997897 50.439529000000000281 47.682419000000002995 46.357799999999997453 46.160232999999998071 45.944308999999996956 45.899783999999996809 45.563617999999998176 45.060035999999996648 44.070278000000001839 43.614367999999998915 43.375155999999996936 42.637324999999997033 41.999825000000001296 41.638278999999997154 41.904376999999996656 42.200477999999996825 42.50386400000000009 42.985644999999998106
54.44738399999999956 54.114390999999997689 52.917521999999998172 51.616337000000001467 48.293261999999998579 47.486046000000001754 47.012703000000001907 47.352459000000003186 48.883614000000001454 49.559769000000002848 50.0143589999999989 49.880401999999996576 49.482070999999997696 48.99437300000000306 47.742035000000001332 48.394782999999996775 50.171180999999997141 52.354846999999999468 53.368510999999998035 53.543784999999999741 51.652186999999997852 50.564517999999999631 49.74527400000000199 48.936965999999998189 47.298198999999996772 46.859234000000000719 46.469253999999999394 46.03685000000000116 45.626708999999998184 45.053592999999999336 43.9295540000000031 43.281067000000000178 43.165024000000002502 42.795563000000001352 42.203957000000002608 41.838012999999996566 41.977688000000000557 42.364643000000000939 42.393520000000002312 42.399338000000000193
54.413108999999998616 53.255992999999996584 52.659035000000002924 51.759495000000001141 48.74396899999999988 47.98523699999999792 47.192565999999999349 47.577765999999996893 49.203091000000000577 49.515804000000002816 49.708958000000002642 49.58945500000000095 49.213321999999998013 48.859352000000001226 49.58903500000000264 50.013111000000002093 50.866580999999996493 51.297916000000000736 51.66436000000000206 51.666080000000000894 51.019688000000002148 49.782532000000003336 49.211491000000002316 48.642147000000001356 47.710200999999997862 47.550694000000000017 47.185020000000001517 46.445984000000002823 45.868403999999998177 45.280880000000003349 44.348247999999998115 43.123553999999998609 43.241897999999999058 43.530799999999999272 42.898468000000001155 42.533301999999999055 42.948174000000001627 42.136276000000002284 41.787075000000001523 41.919688999999998202
53.980983999999999412 52.710720000000002017 52.434555000000003133 52.032725999999996702 50.579903000000001612 48.600394999999998902 47.459685999999997819 46.42096300000000042 49.109341000000000577 49.429951000000002637 49.591918999999997197 49.31352600000000308 48.794842000000002713 48.970390000000001862 50.422401000000000693 50.936928000000001759 51.471916000000000224 51.254795000000001437 50.042788999999999078 49.340172000000002583 49.349823000000000661 49.270266999999996926 49.096133999999999276 48.657814000000001897 48.095123000000000957 48.051025000000002763 47.767372000000001719 47.623116000000003112 46.418098000000000525 45.429892999999999859 44.288029000000001645 43.117305999999999244 43.408408999999998912 43.916519000000000972 44.121966999999997938 43.796230000000001326 43.190188999999996611 42.550601999999997815 41.433841999999998507 41.620967999999997744
52.777892999999998835 52.469456000000000984 52.208205999999997005 52.132407999999998083 51.098331000000001723 49.04967500000000058 47.860053999999998098 46.947108999999997536 48.896217000000000041 49.456184000000000367 49.494506999999998698 49.377772999999997694 48.744041000000002839 49.071536999999999296 49.860004000000003543 51.062080000000001689 51.40071100000000115 50.723843000000002235 49.876323999999996772 50.258372999999998854 50.398746000000002709 49.874648999999998011 48.754192000000003304 48.374541999999998154 48.132762999999997078 48.319049999999997169 48.113247000000001208 47.575485000000000468 46.517688999999997179 45.596713999999998634 44.333697999999998274 43.307651999999997372 43.753020999999996832 44.039279999999997983 44.149822000000000344 43.797057999999999822 43.160473000000003196 42.527907999999996491 41.546630999999997869 42.175227999999997053
49.921931999999998197 50.214863000000001136 51.254950999999998373 51.868747999999996523 51.116936000000002593 49.371406999999997822 48.325470000000002813 47.699084999999996626 47.90605899999999906 48.960686000000002593 49.411330999999997005 49.348590999999998985 48.74015399999999687 49.13700099999999793 49.932003000000001691 50.629379000000000133 50.812798000000000798 50.615482000000000085 50.553753000000000384 51.496108999999997025 51.51244400000000212 50.73905200000000093 48.12937199999999649 47.329109000000002538 47.311183999999997241 48.217564000000002977 47.969935999999997023 47.326183000000000334 46.820735999999996579 45.813152000000002317 44.786132999999999527 43.992989000000001454 43.838093000000000643 43.831398000000000081 43.854412000000003502 43.552993999999998209 43.010818000000000438 42.605659000000002834 42.662159000000002607 42.664200000000001012
37.989285000000002412 41.699832999999998151 48.931838999999996531 50.329555999999996629 49.881390000000003226 49.353530999999996709 46.764003999999999905 46.41050700000000262 45.869227999999999668 45.478713999999996531 46.527411999999998216 47.915267999999997528 48.7423209999999969 49.136986000000000274 49.636909000000002834 50.062325000000001296 50.670662000000000091 50.661361999999996897 50.916843000000000075 52.142592999999997971 52.321629000000001497 50.734546999999999173 48.273505999999997584 47.151291000000000508 47.082115000000001714 47.636023999999999035 47.767459999999999809 47.084293000000002394 46.624049999999996885 46.401862999999998749 45.165016000000001384 44.194813000000003456 43.96141399999999777 43.718707999999999458 43.661361999999996897 43.499896999999997149 42.801270000000002369 42.654696999999998752 42.852524000000002502 42.877372999999998626
29.841332999999998776 34.904086999999996976 39.438129000000003543 39.014988000000002444 42.50294099999999986 45.127181999999997686 44.516925999999997998 43.668357999999997787 42.922440000000001703 41.672038999999998055 43.657482000000001676 44.459784999999996558 46.954600999999996702 48.858302999999999372 48.811965999999998189 49.17153199999999913 49.694243999999997641 49.909992000000002577 48.989680999999997368 50.15281699999999887 52.354827999999997701 50.407317999999996516 49.220874999999999488 47.559719000000001188 47.109760000000001412 47.290657000000003052 47.100768999999999664 46.736507000000003131 46.717964000000002045 46.852074000000001774 45.697392000000000678 44.734459000000001083 44.271892999999998608 43.917983999999997025 43.674328000000002703 43.460926000000000613 42.755867000000002065 42.656360999999996864 42.899085999999996943 42.714497000000001492
29.841332999999998776 29.841332999999998776 29.841999000000001274 32.620922000000000196 34.908240999999996745 37.581744999999997958 43.043818999999999164 42.352848000000001605 41.348773999999998807 41.182178000000000395 42.618526000000002796 44.137813999999998771 46.304527000000000214 48.064503000000001975 47.369712999999997294 47.386004999999997267 45.29706600000000094 46.08626199999999784 47.235442999999996516 48.675651999999999475 52.725945000000002949 50.939307999999996923 49.527732999999997787 48.06569300000000311 47.245269999999997879 47.082363000000000852 46.972445999999997923 46.657378999999998825 46.909762999999998101 47.387928000000002271 46.532817999999998904 46.360377999999997201 45.284702000000002897 44.055115000000000691 43.797835999999996659 43.471096000000002846 43.092758000000003449 42.610252000000002681 42.707031000000000631 42.502960000000001628
29.841332999999998776 29.841332999999998776 29.841833000000001164 29.841999000000001274 29.842413000000000523 32.750484000000000151 31.190726999999998981 34.737431000000000836 37.174388999999997907 41.181426999999999339 42.802937000000000012 44.274059000000001163 46.046973999999998739 47.049411999999996681 43.658526999999999418 43.522204999999999586 43.436272000000002436 44.706032000000000437 45.596912000000003218 47.120193000000000438 52.176163000000002512 49.602187999999998169 49.040478000000000236 48.679336999999996749 47.345348000000001321 46.982365000000001487 46.763950000000001239 46.704357000000001676 47.509995000000003529 48.233116000000002543 48.075778999999997154 47.113827000000000567 45.862926000000001636 44.653061000000001002 43.981147999999997467 43.595748999999997864 43.519444000000000017 42.936962000000001183 42.745739000000000374 42.455334000000000572
29.841332999999998776 29.841833000000001164 29.841999000000001274 29.841999000000001274 29.842413000000000523 29.842413000000000523 29.842724000000000473 29.842724000000000473 33.069107000000002472 35.791912000000003502 41.911461000000002741 44.367466000000000292 43.767417999999999267 43.37736900000000162 42.72452899999999687 42.716510999999997011 42.451996000000001175 42.73542799999999886 45.030360999999999194 46.629513000000002876 48.291404999999997472 47.526004999999997835 47.683791999999996847 48.268349000000000615 47.494365999999999417 47.083710000000003504 47.105347000000001856 47.212539999999997065 47.865231000000001416 48.587665999999998689 48.732528999999999542 47.769894000000000744 46.473469000000001472 45.166252000000000066 44.756233000000001709 44.370232000000001449 44.120975000000001387 43.471496999999999389 43.065474999999999284 42.695774000000000115
33.332363000000000852 29.841833000000001164 32.169654999999998779 29.841999000000001274 29.842310000000001224 29.842413000000000523 29.842413000000000523 29.842413000000000523 29.843137999999999721 29.843343999999998317 32.025573999999998875 37.490101000000002784 42.215977000000002306 41.920349000000001638 42.651961999999997488 42.097808999999998036 42.282004999999998063 42.871116999999998143 44.361007999999998219 46.763286999999998272 47.529181999999998709 46.036915000000000475 46.402141999999997779 47.621037000000001171 48.016734999999997058 47.353709999999999525 47.184272999999997467 47.194298000000003412 48.130890000000000839 48.820937999999998169 49.069755999999998153 48.639828000000001396 47.575634000000000867 46.506207000000003404 45.837845000000001505 45.018416999999999462 44.88130999999999915 44.651862999999998749 43.510184999999999889 43.544800000000002171
