Example cities/Paris/DEM.asc
ncols        55
nrows        54
xllcorner    260998.598314848525
yllcorner    6248776.396865369752
cellsize     50.000000000000
[rows 36 to 53 of 54, columns 0 to 39 of 55]
48.242564999999999031 47.691764999999996633 47.185519999999996799 46.110259999999996694 47.702525999999998874 47.469138999999998418 47.001021999999998968 46.70886600000000044 45.608806999999998766 44.152118999999999005 41.900348999999998512 42.088371000000002198 41.719966999999996915 39.001491999999998939 37.883667000000002645 32.240147000000000332 31.522337000000000273 30.611623999999999057 29.862749000000000876 29.850999999999999091 29.850999999999999091 29.850999999999999091 29.850999999999999091 29.850999999999999091 29.850999999999999091 33.210307999999997719 33.514442000000002508 36.658172999999997899 40.159187000000002854 46.534492000000000189 45.480736000000000274 44.470824999999997829 44.069195000000000562 36.847003999999998314 33.319930999999996857 29.850162999999998448 29.850162999999998448 32.624557000000002915 38.285187000000000523 39.589599999999997237
48.340302000000001215 48.403041999999999234 50.357300000000002171 49.889884999999999593 48.634247000000002004 47.919787999999996941 47.47515099999999677 46.873576999999997383 45.535442000000003304 43.259819000000000244 42.575629999999996755 43.06926700000000352 43.020977000000002022 41.762177000000001215 38.406207999999999458 37.25988399999999956 36.442776000000002057 34.042777999999998428 32.51262299999999783 31.37113599999999991 29.850999999999999091 29.850999999999999091 29.850999999999999091 29.850999999999999091 29.850999999999999091 29.850999999999999091 29.850999999999999091 29.850999999999999091 34.669410999999996648 38.76881800000000311 45.411053000000002555 45.139198000000000377 45.095081000000000415 37.95741999999999905 32.745212999999999681 29.850284999999999513 29.850162999999998448 32.467773000000001105 38.279003000000002999 38.190207999999998378
50.46594999999999942 51.980347000000001856 52.412418000000002394 51.758495000000003472 49.56423600000000107 48.298968999999999596 47.672488999999998782 46.869796999999998377 45.114390999999997689 43.149929000000000201 42.773662999999999101 43.958159999999999457 44.195056999999998482 43.42876799999999804 41.85454599999999914 40.67352300000000298 39.718665999999998917 36.37271899999999647 35.249611000000001582 33.538921000000001982 32.471381999999998413 30.863668000000000546 31.579273000000000593 29.850999999999999091 29.850999999999999091 29.850999999999999091 29.850999999999999091 29.850999999999999091 29.850999999999999091 29.850999999999999091 33.387099999999996669 36.174388999999997907 38.74725000000000108 43.654479999999999507 29.850408999999999082 29.850408999999999082 29.850408999999999082 32.026367000000000473 37.865020999999998708 37.796238000000002444
52.048507999999998219 53.252021999999996638 53.6329459999999969 53.142142999999997244 50.600467999999999336 49.4856410000000011 48.040989000000003273 47.60074600000000089 45.068161000000003469 43.6292839999999984 43.603099999999997749 44.876399999999996737 45.884723999999998512 45.525413999999997827 43.582478000000001828 42.61157999999999646 41.250095000000001733 39.373924000000002366 36.697254000000000929 35.681206000000003087 36.736687000000003422 37.116486000000001866 34.440773000000000081 32.73369199999999779 29.850999999999999091 29.850999999999999091 29.850999999999999091 29.850999999999999091 29.850999999999999091 29.850999999999999091 29.850999999999999091 29.850999999999999091 33.206592999999998028 34.240543000000002394 29.850774999999998727 29.850774999999998727 29.850653000000001214 29.850774999999998727 34.628647000000000844 38.018574000000000979
53.714596000000000231 54.263550000000002171 54.361359000000000208 54.26093699999999842 53.672840000000000771 51.017207999999996559 49.682667000000002133 48.748100000000000875 46.315964000000001022 45.337082000000002324 47.311508000000003449 47.205463000000001728 46.30651900000000154 45.943516000000002464 45.316090000000002647 44.239398999999998807 42.760742000000000473 43.239333999999999492 40.882092000000000098 40.03147899999999737 38.895786000000001081 38.63864900000000091 38.811264000000001317 38.212203999999999837 34.075065999999999633 32.466102999999996825 30.820842999999999989 29.850999999999999091 29.850999999999999091 29.850999999999999091 29.850999999999999091 29.850999999999999091 29.850999999999999091 29.850999999999999091 29.850999999999999091 29.851020999999999361 29.851020999999999361 29.851020999999999361 33.75689299999999804 39.849682000000001381
56.354979999999997631 56.291370000000000573 55.264575999999998146 54.281742000000001269 53.554577000000001874 52.890022000000001867 52.326694000000003371 51.23308200000000312 51.762298999999998728 49.200546000000002778 48.479804999999998927 48.341236000000002093 46.816634999999998001 46.083289999999998088 45.470314000000001897 45.027683000000003233 44.992534999999996614 44.460406999999996458 43.702407999999998367 41.877780999999998812 41.195076000000000249 40.986629000000000644 40.172752000000002681 42.124893000000000143 40.703311999999996829 34.175776999999996519 32.352134999999996978 31.106255000000000877 29.850999999999999091 29.850999999999999091 29.850999999999999091 29.850999999999999091 29.850999999999999091 29.850999999999999091 29.850284999999999513 29.851143000000000427 29.851143000000000427 29.851265000000001493 34.800190000000000623 40.676951999999999998
57.136909000000002834 56.644196000000000879 54.746524999999998329 53.888725000000000875 53.599013999999996827 53.745227999999997337 53.233738000000002444 52.359707000000000221 52.158394000000001256 50.334063999999997918 49.365439999999999543 49.052211999999997261 47.208691000000001736 45.926811000000000718 44.7714160000000021 44.398716000000000292 44.763396999999997661 44.357635000000001924 43.798374000000002582 42.966743000000001018 44.135029000000002952 45.28872700000000151 44.932476000000001193 43.953265999999999281 42.112309000000003323 39.143562000000002854 34.438834999999997422 32.794598000000000582 33.030833999999998696 30.713197999999998444 30.252096000000001652 29.850999999999999091 29.850999999999999091 29.850999999999999091 29.850284999999999513 29.851509000000000071 29.851509000000000071 29.850999999999999091 29.851509000000000071 41.365088999999997554
57.920752999999997712 56.852333000000001562 55.660998999999996784 53.881324999999996805 54.363940999999996961 54.731437999999997146 53.6762730000000019 52.740226999999997304 51.941707999999998435 51.061050000000001603 49.747391000000000361 50.299706000000000472 49.381039000000001238 46.200386000000001729 44.8737339999999989 44.184921000000002778 44.42827599999999677 44.093341999999999814 43.354084000000000287 43.757969000000002779 44.781609000000003107 46.238064000000001386 46.829932999999996923 45.462868000000000279 43.471218000000000359 40.739058999999997468 35.074511999999998579 34.040672000000000708 33.183951999999997895 32.01291299999999751 31.162064000000000874 30.48788499999999857 29.850999999999999091 29.850999999999999091 29.850999999999999091 29.851509000000000071 29.851509000000000071 29.851509000000000071 29.851509000000000071 35.685946999999998752
58.21189499999999839 57.366134999999999877 56.421162000000002479 54.961089999999998668 55.404094999999998095 55.386654000000000053 55.076649000000003298 53.381377999999997996 52.155791999999998154 52.073402000000001522 51.298000000000001819 50.530827000000002158 49.373485999999999763 46.601700000000001012 45.304217999999998767 44.425120999999997196 44.074223000000003481 43.170726999999999407 42.870899000000001422 43.113323000000001173 44.979560999999996795 46.358719000000000676 46.918697000000001651 45.9331019999999981 43.700710000000000832 40.411678000000001987 35.279156000000000404 34.134124999999997385 33.205742000000000758 32.70118699999999734 32.975540000000002294 33.054282999999998083 31.480046999999999002 29.850999999999999091 29.850999999999999091 29.851509000000000071 29.851509000000000071 29.851509000000000071 29.851509000000000071 29.851509000000000071
58.147137000000000739 57.694716999999997142 57.369391999999997722 56.799796999999998093 56.432105999999997437 56.493957999999999231 57.224274000000001195 56.741683999999999344 54.93312800000000351 53.638759999999997774 52.367972999999999217 50.870975000000001387 49.386310999999999183 48.175010999999997807 46.049399999999998556 44.853867000000001042 43.912768999999997277 42.424621999999999389 42.139122000000000412 42.597076000000001272 44.959567999999997312 45.691822000000001935 46.775272000000001071 46.353763999999998191 42.830798999999998955 39.822834000000000287 37.147719999999999629 34.683410999999999547 35.170333999999996877 34.449649999999998329 33.918773999999999091 33.308501999999997167 32.923309000000003266 31.435579000000000605 29.850999999999999091 29.851509000000000071 29.851509000000000071 29.851509000000000071 29.851998999999999285 29.851998999999999285
58.831299000000001342 58.198600999999996475 58.356644000000002848 58.200848000000000582 58.945132999999998447 58.634438000000002944 58.449280000000001678 58.542473000000001093 57.761890000000001066 56.476261000000000934 54.756889000000001033 51.58744000000000085 51.071510000000003515 49.551997999999997546 46.263202999999997189 44.827506999999997106 43.797398000000001161 41.809738000000002955 41.410851000000000965 41.151462999999999681 41.98374199999999945 44.590117999999996812 45.626331000000000415 45.261349000000002718 41.882511000000000934 39.202022999999996955 38.242409000000002095 38.204292000000002361 37.99377799999999894 37.380020000000001801 36.060417000000001053 33.740752999999997996 33.258530000000000371 32.915382000000001028 30.81758299999999906 29.85300099999999901 29.851998999999999285 29.85300099999999901 29.851998999999999285 29.851998999999999285
59.269604000000001065 59.357151000000001773 60.479298000000000002 60.352879000000001497 60.312919999999998311 60.143715000000000259 59.799247999999998626 59.704945000000002153 60.061095999999999151 59.701385000000001924 57.424354999999998483 54.11068000000000211 52.234844000000002495 50.382430999999996857 48.414546999999998889 45.088805999999998164 43.793343000000000131 43.076290000000000191 41.316062999999999761 40.962105000000001098 41.011271999999998172 43.01136799999999738 43.819457999999997355 43.498280000000001166 40.094031999999998561 38.674950000000002603 38.726863999999999066 39.228312999999999988 39.531700000000000728 38.723418999999999812 37.369728000000002055 35.242783000000002858 34.11240399999999795 33.354163999999997259 31.790528999999999371 31.041077000000001362 29.851998999999999285 29.851998999999999285 29.851998999999999285 29.851998999999999285
61.822132000000003416 62.295914000000003341 61.852488999999998498 61.533332999999998947 61.665633999999997172 61.3606410000000011 60.833602999999996541 61.268611999999997408 61.296180999999997141 60.151096000000002562 58.453158999999999423 56.874381999999997106 53.143065999999997473 50.751944999999999197 49.473900000000000432 46.079940999999998041 44.771186999999997624 43.822414000000001977 42.161312000000002342 41.035747999999998115 40.335864999999998304 40.219695999999999003 39.505893999999997845 39.118416000000003407 38.815539999999998599 38.908957999999998378 39.220531000000001143 39.694130000000001246 39.081028000000003431 37.596663999999996975 36.945929999999997051 36.470810000000000173 34.642071000000001391 33.759006999999996879 33.229995999999999867 32.345531000000001143 31.882511000000000934 30.840858000000000771 29.851998999999999285 29.851998999999999285
63.643047000000002811 64.143867000000000189 63.839638000000000773 63.180095999999998924 63.119227999999999668 64.483817999999999415 62.747306999999999277 61.911929999999998131 61.636780000000001678 60.460850000000000648 59.069645000000001289 57.329543999999998505 54.198227000000002818 52.183841999999998507 50.295738000000000056 47.100639000000001033 45.55038499999999857 44.926304000000001793 44.30407300000000248 42.088462999999997294 41.936813000000000784 40.354694000000002063 39.400447999999997251 38.928471000000001823 38.786937999999999249 39.465885000000000105 39.717112999999997669 40.162185999999998387 39.672668000000001598 37.258265999999998996 36.624412999999996998 36.481476000000000681 35.254165999999997894 34.483001999999999043 34.580097000000002083 33.234878999999999394 32.696193999999998425 31.521128000000000924 30.584738000000001534 29.851998999999999285
65.344436999999999216 65.679007999999996059 65.616684000000006449 66.906363999999996395 66.562279000000003748 65.890427000000002522 63.867336000000001661 62.624442999999999415 62.017532000000002768 60.677776000000001488 59.317024000000003525 57.78130000000000166 56.445686000000002025 53.149188999999999794 51.470180999999996629 49.628295999999998855 46.767764999999997144 47.71451600000000326 47.163119999999999266 45.09466199999999958 43.578814999999998747 41.975658000000002801 41.038204000000000349 39.510826000000001557 39.125934999999998354 39.764423000000000741 40.621245999999999299 40.199824999999997033 39.623939999999997497 36.923225000000002183 36.50400499999999937 36.475772999999996671 36.415913000000003308 35.803607999999996991 34.908088999999996815 34.908088999999996815 33.201926999999997747 32.782668999999998505 31.34617799999999832 29.851998999999999285
67.547409000000001811 67.576217999999997232 67.747574000000000183 67.732849000000001638 67.50138099999999497 66.875136999999995169 64.686378000000004818 63.338543000000001371 62.700470000000002813 61.741168999999999301 59.628033000000002062 58.193713999999999942 56.865169999999999106 53.924286000000002161 52.615841000000003191 52.280354000000002657 50.188698000000002253 49.178085000000002935 48.48181499999999744 47.793869000000000824 44.827835000000000321 43.184181000000002371 41.466377000000001374 39.583396999999997945 39.266598000000001889 40.29147700000000043 40.949264999999996917 40.211109000000000435 39.508690000000001419 38.339027000000001522 36.48323400000000305 36.530304000000000997 36.63464400000000154 36.098739999999999384 36.1094890000000035 35.430366999999996835 33.397159999999999513 33.037616999999997347 32.764235999999996807 30.706474000000000046
68.383537000000004014 68.219748999999993089 68.214172000000004914 68.240639000000001602 67.815467999999995641 67.253746000000006688 66.195969000000005167 63.896515000000000839 62.879443999999999448 61.848075999999998942 60.127688999999996611 58.858429000000000997 57.594577999999998497 56.057406999999997765 54.877608999999999639 53.387920000000001153 51.954566999999997279 49.931331999999997606 49.361156000000001143 48.311646000000003198 47.748111999999999 45.511592999999997744 43.291744000000001336 40.988723999999997716 40.893298999999998955 41.629432999999998799 41.817042999999998187 40.429276000000001545 39.931415999999998689 38.141913999999999874 36.417034000000001015 36.565272999999997694 36.865828999999997961 36.205359999999998877 36.157425000000003479 36.6442869999999985 36.205069999999999197 33.185085000000000832 32.875877000000002681 32.77870200000000267
68.787909999999996558 68.858977999999993358 68.767898999999999887 69.393981999999994059 67.777382000000002904 66.756095999999999435 65.792618000000004486 63.915100000000002467 62.933276999999996804 61.995834000000002106 61.327950000000001296 60.806128999999998541 59.630932000000001381 58.237217000000001121 55.755772000000000332 54.296410000000001617 52.885406000000003246 50.727814000000002181 50.676903000000002919 50.219597000000000264 50.018486000000002889 47.570126000000001909 45.420399000000003298 43.78293599999999941 43.424297000000002811 42.969658000000002573 44.209521999999999764 42.102550999999998282 40.128166000000000224 37.644955000000003054 36.334277999999997633 36.599482999999999322 36.661723999999999535 36.349162999999997226 37.249614999999998588 37.922603999999999758 36.397742999999998403 33.266426000000002716 32.986747999999998626 32.971164999999999168
